2451
2200
3173
2446
2306
2110
2803
165
2157
1247
1880
1951
1650
3986
3433
4059
2500
3070
2882
141
1260
3209
1796
1602
1422
305
1937
2711
3464
70
3659
2723
3039
3565
2313
1084
1052
2689
154
2020
1020
652
2343
19
1926
1609
1174
1831
1069
2398
2744
3932
3006
1366
1453
1114
686
2431
3700
2380
3230
278
3474
3539
3490
1852
3028
2483
2929
463
1845
2648
225
1262
2030
2886
1628
3591
1157
2264
2392
2021
2682
3856
1936
3170
1708
3481
1852
802
572
1438
1299
1274
973
3171
2652
770
945
2219
3325
2012
2676
2239
2466
731
2716
3519
834
1565
3561
3847
2437
1980
3305
2217
1435
1883
1586
3235
2205
3132
297
2854
3185
476
3468
1154
3445
835
1998
2570
4062
3518
652
3978
1819
1065
3046
854
2022
2067
2275
2932
580
3376
2526
675
3577
299
2667
3204
2003
1095
3527
3997
172
3094
1661
1983
3377
2208
2944
549
503
1611
2367
1826
552
1193
1672
2812
403
1015
543
2226
3028
979
2625
326
5
1867
502
3708
2266
885
1399
3904
2490
81
81
3420
915
912
2721
3370
710
4078
2249
3947
517
3521
1872
3959
556
1497
2429
1182
1415
601
3842
2660
225
1044
1595
1527
3167
2789
1722
3099
528
759
2711
3925
2383
1729
2479
1966
2986
631
2597
3703
3388
2530
2887
1177
1474
1445
1241
3890
1141
3617
3448
1029
3148
907
1785
158
2085
3531
2895
783
2637
3554
3427
1708
1524
1911
2053
2503
2737
3944
1257
3847
2864
2517
3536
2471
493
3428
3041
1184
2403
1855
3036
482
2909
1663
3399
3322
905
1090
1537
3597
2878
3678
2375
3276
3156
963
172
2864
3084
70
2903
2395
318
1631
2585
46
940
2276
2984
3831
1073
3997
2753
304
2514
2890
680
3453
3722
4009
571
2025
2357
2793
323
91
3009
3300
2036
1152
2688
2102
202
541
3406
1471
1761
1370
2469
2544
3510
1794
2632
1025
103
3560
3315
2833
3812
604
3267
247
3975
341
3924
2273
418
3958
381
2711
432
1435
1971
731
322
2281
243
2413
2239
2005
3541
3566
2173
99
845
2734
1940
3886
3557
3595
4033
3956
3200
1865
3407
622
3567
2257
1658
1566
31
1792
163
2848
3181
375
940
826
727
2299
3556
829
3239
3580
3842
1946
3527
552
950
933
3482
532
461
298
1050
699
1039
2723
598
2471
926
2188
2186
339
2638
1365
775
829
1132
3431
3871
2738
1962
2312
1726
1889
516
1008
3789
987
3658
675
846
1666
3829
327
1423
2590
2909
598
837
1267
3959
1317
994
483
3669
2326
2892
3333
3752
2341
1632
4073
168
2982
527
515
3748
2799
859
2082
2301
4081
2014
1255
2319
1330
2786
3322
3277
1872
43
4052
1198
1455
2476
2512
710
3148
1206
2774
2879
97
4011
963
2326
177
2572
3312
2261
607
127
540
1415
3927
4027
3825
914
3126
3026
2949
556
3949
3757
310
2227
730
3411
503
242
2982
2256
1521
131
1528
1673
2347
1008
406
2109
3183
2354
1074
2633
1023
547
359
1008
438
1188
825
3108
1373
1125
611
3519
1971
3901
78
3896
1624
676
2081
1527
2289
3474
1805
3591
1501
1057
230
116
2024
2634
841
2805
3416
1276
1761
2336
1955
1892
1171
1244
3435
85
1090
3757
612
714
1364
416
1992
3590
4087
405
967
1843
1390
3370
1099
3934
609
52
107
1549
1241
2854
528
559
2415
3473
3169
3832
1416
1045
125
3871
2607
2798
2155
1524
261
3704
1433
1123
1426
1672
589
3257
1309
1962
2922
2124
631
1185
2983
2821
510
3017
2122
1649
746
888
487
2021
2037
974
844
1938
1851
2941
3380
390
1508
199
75
435
1882
965
1293
254
2605
1407
1308
2401
4055
2097
212
1615
2756
3589
3222
3168
400
1043
2627
2942
2521
309
2969
1976
951
1332
3972
3248
2022
1523
2985
627
2021
1065
1681
545
2887
2738
2913
3348
1386
433
3801
1429
1843
1418
1069
764
449
262
3789
1087
699
1088
2815
1710
4010
490
2839
1265
631
1436
2295
2418
1754
1336
3140
622
3143
1329
3584
2977
2580
1708
3126
3354
61
3634
3450
2911
338
3950
821
1431
2018
1868
2173
2637
1353
4050
1975
1913
3391
3588
1308
2804
976
1730
54
999
3946
1102
2720
3972
1340
2930
2161
3340
598
831
1805
4039
2559
2589
3848
2785
3436
3848
3183
1966
2467
526
682
2647
1377
1906
1916
350
2927
1359
3979
1922
2378
2424
854
2966
651
2657
4037
2852
2461
3484
3491
3621
2468
1582
3542
1168
616
3626
3761
3210
3367
3726
3992
2702
1187
3071
225
2975
2453
3000
2107
3495
2947
1607
2090
1186
3297
1901
1650
2298
289
567
3344
3556
2135
4046
3532
1803
592
547
588
1560
1857
1878
1217
3430
2764
542
2130
2764
1279
2978
3223
3890
574
2427
2131
492
478
978
991
3813
2344
2026
3566
510
1606
1076
2163
1965
3997
1499
35
3089
2755
3070
191
1042
995
1599
1441
2603
1194
3341
3236
1091
3220
1776
2459
281
357
3387
3718
3680
1306
1002
1219
3766
1593
1139
1342
2588
879
1190
2091
3692
2128
4059
472
2706
1621
1136
3275
596
2793
528
2867
2182
3445
3585
3599
3142
2353
2976
2762
378
3024
2030
3938
3590
2411
714
1760
457
2145
497
124
1067
3954
412
707
2760
3043
3501
1093
2071
2691
1512
2741
3086
2921
2163
703
2533
1696
3370
3545
1979
1161
2536
4096
3645
2024
3055
1031
1772
1301
544
2472
3570
3029
1471
1064
3161
3561
596
2774
2883
640
3519
799
1975
3801
3902
4007
3714
3419
2320
1497
549
2179
1912
3410
1635
3099
2088
3681
781
3569
1520
1411
1766
995
1797
3164
2934
492
1127
1540
1471
3182
1441
3170
2298
3153
383
1879
362
1945
1837
2063
79
778
988
1215
2128
1065
1065
2023
1903
1495
3846
328
126
3603
3378
2097
2011
582
439
1233
3792
2910
1521
157
2079
1963
3497
1098
3714
3789
3471
2420
1730
1626
3202
510
3473
919
3204
3020
863
2241
3638
2912
748
958
1251
156
2277
2484
222
415
655
3613
3299
3510
2190
346
3569
2273
2342
2066
3763
906
3480
2992
188
1520
3125
1425
513
351
3246
2797
3014
597
691
460
661
2376
1653
2396
1109
1488
2074
2218
4018
3203
585
1891
1280
1082
1424
1881
1114
1159
75
1342
3896
1703
1241
1550
2648
802
3918
2656
1599
1522
3694
1923
4096
2483
4083
1016
1470
2859
67
3930
2642
1898
662
843
1195
2686
898
3246
3583
1636
3549
2397
2715
3439
2545
2882
1113
872
834
204
2835
1641
2563
160
3833
155
3212
61
500
1371
2107
1202
849
3750
562
508
2954
283
1140
2017
783
3381
2953
3210
1347
900
1657
212
2287
259
476
110
1535
2447
1946
2583
630
43
2310
3306
3429
3566
965
740
826
1866
1276
3332
287
2490
1446
1769
2755
302
1802
45
3585
1670
2850
3525
633
2329
2504
217
3215
2886
1734
1162
3703
2689
1379
3149
518
581
2374
2919
568
1725
3086
1383
297
2251
3967
2994
3769
2303
780
1231
3879
2222
207
39
2314
2887
1800
2005
1078
30
908
3453
677
805
526
2217
4084
2461
3791
873
3995
1956
1412
3901
2972
3283
385
3288
1126
3949
3332
3636
1226
872
949
768
848
3795
309
1247
2820
4063
841
1514
2711
893
2597
1936
3930
1857
277
671
206
2774
868
513
2971
1002
2676
1283
3427
3630
1282
461
1188
88
4008
904
3713
3968
276
37
1500
4078
1121
223
2880
1223
1380
1289
3480
2373
1495
608
1692
141
492
2250
2570
2771
2518
3539
2926
3318
451
3807
1468
5
1118
2032
401
3255
720
76
925
3473
2848
815
1269
867
1453
3219
3743
3738
3205
780
1442
1358
4017
2872
2281
336
3459
2290
1406
4007
1878
56
1087
3292
1121
1462
1107
1192
2835
2832
323
2320
665
4074
4022
3107
3651
2148
2066
3079
878
1609
2681
2686
2365
2054
4000
3208
35
3249
241
2035
3383
3714
16
2497
1370
3738
2000
3556
429
2038
3292
3881
807
2069
3922
2929
249
1219
1811
3168
1553
3069
1174
1322
1808
817
1650
1160
2645
3488
2193
3849
2960
2096
1461
4005
1847
3356
3554
3366
3330
2094
2648
339
1806
865
992
1379
1889
3320
206
154
109
3740
524
372
808
2066
3686
3810
2431
784
2516
842
3272
810
769
1852
44
2653
433
239
251
612
2892
3668
2680
2307
3246
3079
422
6
992
3583
477
957
1382
3435
2966
2361
3445
1293
3934
2978
842
2573
3537
2830
3612
1460
3341
3628
2411
1673
297
1679
3885
4012
323
551
3441
1247
2651
3064
1168
712
2061
617
1094
1153
1400
3796
1922
2837
3681
3252
1936
3104
416
560
3473
3309
1446
2853
524
2355
3207
25
2027
2668
835
3004
1820
361
2595
1927
2056
1984
379
2286
3038
1605
2269
919
2503
3882
1843
143
2310
3213
2938
2901
1860
203
1017
633
3226
1077
1141
2523
228
1723
1752
1893
738
3485
2440
126
684
2668
3251
3302
1095
802
3159
3721
2472
2656
660
2453
1587
1346
4085
1687
2198
3545
983
3170
2313
993
2006
788
1772
1570
1608
2655
4043
2212
932
2952
302
263
1332
3890
1013
50
2224
1652
1984
1258
2157
2664
3280
836
3233
1150
1773
3596
2123
487
2964
2858
3774
3353
4052
377
1058
2897
782
268
2464
845
1664
2727
3597
1821
2136
2858
4075
900
2366
2411
1864
3799
2239
3264
889
1099
568
2154
2600
571
61
3841
1585
1477
1271
1858
2376
1948
438
2951
3217
3570
2730
2181
982
2502
1016
2321
1516
2174
3182
2654
4016
3992
2664
3771
941
2062
1234
377
2633
3436
1183
3883
633
2483
3859
83
1306
953
54
638
1474
1632
2611
3239
3100
2216
1961
3978
2429
3057
653
466
690
3728
3093
578
1076
1331
976
3535
4022
3281
3380
2327
842
2644
2110
1727
874
1842
931
3290
3891
493
2867
1731
3883
2435
3681
1717
1719
1270
3777
61
3536
1432
740
1094
951
1905
1619
900
2359
348
473
3912
915
2729
3498
801
1455
3344
1457
3842
1754
273
1823
2529
683
1250
43
2124
1393
688
1841
2834
975
282
316
2525
2646
2333
2206
2588
3395
2273
3983
2334
1440
1536
1186
2046
3065
3820
2730
3424
2612
10
153
729
4081
3817
3680
2230
2178
1109
1431
3310
3192
1878
228
1332
3436
657
3960
1747
638
968
960
3534
180
3990
2687
971
782
2846
1801
3918
3178
2631
3930
3678
1865
1133
3344
978
3682
270
2626
2300
3439
138
928
1286
2217
2110
2331
2459
191
273
1873
3040
3493
1083
389
729
627
1215
2202
3031
3237
891
1572
3932
3029
3187
3695
2252
3676
2274
1204
662
3143
2674
355
2680
1747
3508
2632
2214
3261
93
433
3614
1721
978
1751
1226
2356
1522
3014
2180
3853
3602
3439
1750
2498
2383
2315
644
3362
3265
2003
2683
2603
2689
2268
2983
1588
233
1942
1584
1679
951
3254
1490
1468
1892
1194
3693
2193
2949
549
1154
422
2084
3282
2036
3059
4039
1204
1996
2269
3452
1474
1510
1022
1134
3928
2215
2335
46
3773
1275
3506
2403
1317
609
1862
3531
3480
1046
1962
3935
124
2175
2733
3560
2100
3184
21
1070
1961
494
891
227
2216
943
15
1876
1051
1260
2318
2525
3500
1242
807
170
4046
220
622
3458
3403
4084
4009
473
931
3919
913
2299
1177
1757
3199
3613
1776
2883
2265
604
3395
3561
746
221
3161
4053
14
1201
4074
629
3300
2217
2838
327
178
346
2515
869
492
2216
3417
3267
3643
2109
3580
3435
1217
351
2468
3737
2761
2580
748
870
1005
1094
2122
946
442
1796
3660
2754
1076
3356
3412
398
1435
3028
1822
2052
1798
3457
2528
3197
4035
4058
3555
536
2513
232
630
986
2759
3581
2885
2601
980
3984
162
2103
3390
2351
1775
1786
2717
3028
3089
1735
1042
3758
1475
683
771
3365
2213
1083
2285
1298
1074
1013
3196
2751
1157
4039
710
3560
347
3770
2811
2111
3966
4065
3131
701
2008
2880
2832
525
3348
922
274
233
3147
3017
2524
3957
1745
187
3269
2270
787
3990
1663
2452
755
1171
3593
1191
1576
3398
2426
213
2984
2198
973
1939
2417
984
561
407
308
3425
1284
556
3933
2755
350
724
2797
2480
3941
2179
530
3129
1071
3848
2824
2232
149
2331
2186
1987
2200
3622
137
537
1029
1195
2877
2750
2298
2966
1935
3740
26
243
2161
507
91
906
3586
2644
1501
3166
2589
545
1639
234
1834
812
166
1819
3985
3304
2650
2991
2794
3741
2061
2214
3302
3103
3917
719
880
3984
2261
4003
2316
3110
56
4079
2653
801
1469
781
2890
3572
1476
3400
2247
1836
85
3125
299
264
3396
1659
658
3953
2960
881
3144
1410
376
3631
718
3315
3676
1915
2536
3812
3942
2646
1671
1129
3659
2126
411
932
1993
2456
3059
687
2358
421
2479
1817
316
504
1887
3211
2991
3304
1941
2079
2427
3063
846
3096
3103
3255
1843
247
4013
592
1844
98
1157
3580
3612
2338
3506
347
3530
1291
1103
1139
3746
3897
541
3362
3059
2059
3302
1168
877
1905
899
958
3214
1340
3238
568
807
1213
3695
1637
3308
2644
1281
3888
3579
2378
2919
904
1776
1541
2349
1201
2120
2416
4093
1910
2388
3057
282
4008
877
3570
3465
1193
1063
1530
1929
3336
3140
1991
1206
1479
1166
2585
1819
771
2513
2526
615
1339
88
2263
544
3983
3840
1814
2541
3210
697
2262
3507
571
3775
2114
1735
312
3577
514
1198
2838
888
630
727
1100
1882
1876
2545
1823
1169
995
4075
2066
2384
614
3980
782
42
153
3414
2566
1746
2590
3962
1262
4003
916
1046
1472
3804
3673
3130
3379
1931
2411
1698
3257
1622
883
798
2141
2495
1156
544
497
4009
1622
2630
243
2130
2422
994
3771
121
1685
891
3240
570
3372
2659
3760
489
1839
553
112
290
1384
3454
2712
1560
1013
1214
3505
32
2265
642
2588
3845
3544
2895
1202
1065
3196
3537
4017
3949
869
2783
2891
3174
3175
3780
3494
1854
2904
2294
711
77
561
1788
2695
3948
2283
3742
1499
383
2226
2951
3678
861
4014
1842
2118
3639
3693
2830
1302
3647
698
2733
2576
1609
4007
2122
735
3988
3867
512
359
3645
1058
3462
2615
2711
873
2361
3916
3190
2478
2613
2481
547
1279
3693
1807
509
919
35
802
117
1246
3655
3179
3057
3043
3849
964
3302
768
1520
2358
2296
3615
1228
2500
688
1546
676
3403
197
3208
3749
2899
2649
3098
2116
265
273
3353
2883
828
622
1902
2488
2264
1553
1361
3099
1179
939
3687
3304
1500
723
1039
1716
523
3865
3209
1105
868
192
531
277
1461
3118
3186
1628
3482
1780
3252
1432
1222
3375
686
1709
3265
3419
1053
3322
484
1958
3527
2953
1494
1634
2806
66
643
3938
467
2573
455
2627
3793
2282
375
1730
2697
514
1436
2744
2385
3300
2526
1828
1999
2752
3785
3913
3829
1878
1472
2925
3837
194
3704
642
1594
1858
2775
1601
3975
2518
3027
2903
479
3840
228
3932
3520
783
1968
1950
2720
149
3960
3015
912
417
2673
3177
2069
639
1706
1717
3020
3246
1466
2747
2626
2468
1897
2902
2809
810
2864
1958
3242
2125
1435
379
3544
2728
3256
3104
2001
2333
2985
2243
1176
432
2959
61
1368
566
1530
638
196
81
2448
3634
2811
1028
2694
1750
3462
3597
52
1920
720
773
945
3520
3875
4078
2895
880
3585
285
2947
1465
3556
3036
1093
3452
2715
2072
2931
1006
563
1605
2270
1332
1762
2495
3901
3323
1777
1668
3373
2848
2522
3428
2427
579
3357
3725
3075
330
864
1271
3962
3702
3505
1441
3863
3502
1876
3177
2718
814
977
3500
1877
511
1666
1897
4004
1524
3122
935
596
3624
3209
3805
1716
316
3359
3936
1615
2288
968
3336
24
3575
3264
3750
1576
912
535
459
914
2635
1877
1019
3940
2211
143
497
2260
531
3725
55
3148
1392
1305
3222
2743
3449
3198
2773
2848
163
894
2758
3219
4087
1059
227
2812
3443
3497
972
64
1153
3108
3318
772
2687
2492
2710
3961
370
1360
4017
1284
370
4014
3825
4052
1016
1230
702
267
2341
1673
1669
1557
3992
157
1639
23
718
1965
896
2735
3558
3334
3839
3836
3307
1388
3473
1514
1713
2609
1761
1338
3689
3020
171
3456
1128
3571
1939
4091
974
3631
2189
1733
1905
3744
818
1234
255
1602
1378
2444
3694
448
1481
108
766
2146
2286
3983
2798
3453
3952
2988
1014
1247
2638
1615
3360
1587
3930
3985
1176
2066
2275
2589
36
1843
2957
3789
2038
2826
740
2608
3722
2467
867
667
3982
1778
2931
3050
3081
1565
3995
3758
2291
767
2339
3068
782
297
1493
1409
4009
1336
3617
602
1561
132
3547
2979
2314
3097
3314
2537
1714
3452
337
493
4029
3545
2862
1869
3182
2547
171
3033
3109
1398
3691
3850
965
2207
349
1655
515
1763
1252
2996
2239
3798
1269
1557
2965
2993
4068
2443
3431
3386
1515
3132
3738
2260
465
1570
331
3787
1439
282
1693
190
2488
1451
768
209
1965
331
1634
1380
2831
1981
1417
2453
3526
355
1524
2722
521
125
2281
3870
200
1527
2758
3615
2850
2690
3331
403
2252
2691
3293
2457
484
2138
2911
1123
1504
3972
3285
925
2110
2445
2433
958
922
294
2968
305
29
1471
3471
3964
519
2820
777
1947
1955
2854
304
2912
3167
2549
3889
3014
730
3613
1645
238
756
3846
965
1890
3027
1034
1364
2889
786
3925
2314
3163
2975
2568
4057
1266
1953
1791
1299
1410
559
2614
1152
3681
1840
2352
1078
2041
3940
2402
1280
385
2882
1130
3354
2603
2591
2657
3873
3125
2181
2761
2193
3327
904
3099
3441
2691
950
344
62
250
2777
2025
4006
483
1423
3389
3229
1815
2082
3264
1671
533
3211
139
2526
1024
2408
3388
1328
1030
3798
3311
1688
1246
1586
3662
992
3771
840
2748
3492
630
3496
168
1855
1128
4066
156
3586
66
1375
3267
1159
3231
3646
2637
1256
625
2327
2092
1656
243
3302
3
1953
648
230
359
1758
3004
1796
1288
2768
3116
1894
3840
71
1387
2278
3293
1142
2751
79
3563
3735
355
3833
1241
3689
2177
2571
3191
2599
911
1770
1902
1852
2519
1238
613
3951
629
3763
1250
2418
2575
1737
2958
1855
448
3134
3644
1757
3742
3257
3584
3873
4047
2239
373
1085
3545
1509
1736
1218
2500
3496
1384
433
3255
1313
906
883
3104
3269
229
1240
381
1035
516
690
3365
2029
3034
2585
843
76
3837
274
299
1084
201
2291
3853
3083
2395
2434
3562
184
3025
1923
1788
2506
1624
3872
2876
1572
901
2861
159
1633
2994
2918
664
1069
1841
263
754
751
2467
3614
1592
722
1468
2757
930
1203
1565
2615
1380
2099
3643
1904
710
3304
3042
269
1115
2549
1698
888
162
2045
2730
954
697
3627
102
913
3667
1034
2814
1582
1545
3978
2131
3774
1502
3501
3309
1357
2522
3336
1908
1558
489
1813
501
3767
1163
3421
3408
3027
3847
2420
1529
1701
1103
1052
2520
3555
474
1713
669
2673
2841
3126
2619
27
4090
584
927
3772
4086
3580
1762
1064
1179
975
859
623
451
2983
2840
1778
3915
2435
3872
317
512
1135
1472
3410
2049
1694
3706
3018
2998
1669
519
3921
2931
1897
333
124
2594
3670
3465
1551
3809
1011
2476
2233
208
3752
1299
834
818
2246
886
22
3443
3823
1632
617
1900
1691
2252
693
3324
3666
714
2464
112
675
1203
2809
2828
2116
3403
1367
1638
3897
1985
415
1287
200
956
2308
700
3490
3210
3264
3730
3874
1404
1423
1594
3421
1626
3514
1826
3862
452
3365
2015
2681
612
2853
800
1703
2741
2866
1257
119
568
2596
1394
2628
3523
2733
936
3428
2816
1458
2247
839
1343
552
2874
1387
2441
2259
3540
2881
1119
2499
625
2344
512
1913
1438
3222
3848
768
3843
3659
854
1564
1923
3443
2402
3987
2606
3428
3491
2795
3627
3851
4083
478
829
3382
1292
16
3710
1034
3668
1344
3693
3863
1411
1186
373
3435
2043
647
3198
677
964
312
19
2644
1207
92
3837
568
3914
1011
2866
1264
3932
2108
3972
2505
2365
2136
2108
1258
51
2564
1543
4066
2484
1279
1265
2901
3604
875
2409
3443
1928
2513
2520
1181
3981
202
3692
1640
298
2820
101
854
2362
3502
1329
478
3651
1406
2621
2908
2918
679
1025
3561
2994
1496
302
585
2123
3288
375
2422
2707
3366
870
2514
1364
236
3406
951
1781
933
3343
3755
1150
430
3868
500
3667
275
2003
130
2413
1549
2735
2659
891
1894
334
4031
1841
2477
2681
673
322
2205
1493
3729
2383
1901
3303
1244
1756
875
1679
2547
4078
3342
1413
3897
4008
861
735
238
3406
3570
2102
2478
3978
2966
849
501
2781
200
476
1815
3869
507
589
1569
3393
1409
972
664
3333
1432
3357
1231
4047
967
1005
3743
2016
2780
2597
1904
3176
3297
1123
3716
2238
1949
652
2028
3717
311
2630
657
3447
3290
158
2514
3
1624
1597
3082
3869
2904
1201
700
623
3920
3235
283
412
2800
2997
1899
655
1975
2213
4040
2810
3055
2184
1816
1276
2533
2332
44
813
2
2029
3191
1269
1719
3169
2239
1199
2926
1648
1213
2808
1608
3931
2558
2458
198
425
343
2304
3191
2486
675
391
730
2027
1514
3578
4036
1856
1721
1005
2718
2912
3087
2084
648
980
3574
1799
193
3058
1938
3700
3371
941
309
110
608
1768
3310
1182
3587
2274
2488
947
3145
1139
993
3638
895
2868
3947
1812
135
780
2572
3433
3914
3837
3149
1931
546
1856
3448
1353
1800
1290
318
1279
1155
197
900
3177
855
1820
3456
766
171
3193
3885
392
115
2487
2456
730
2097
3473
3647
4019
553
2384
1540
2307
2020
1293
2447
4060
58
1424
10
626
2613
408
509
1233
1161
3349
3089
2730
2801
1855
1046
1730
2446
3831
27
737
663
331
2852
3553
2746
1447
322
2401
1858
2939
1929
4072
764
3324
1064
3783
2537
3517
372
2907
665
3415
130
1960
379
3321
2722
2205
3127
2079
3088
1957
2894
1417
1722
3788
25
2626
1818
1575
1942
334
4037
895
3146
3479
14
334
4009
3315
3229
15
1395
1521
1295
3029
3334
2591
3972
1600
3648
2282
3744
1895
3702
3802
613
1246
1888
2670
1964
1209
1211
3239
1718
2633
2093
3143
2141
1116
2755
259
3595
1640
1107
1411
1473
422
454
3560
62
1101
3641
2875
2076
1661
1119
3710
1153
3203
3055
2207
321
666
1644
3026
2275
948
1347
858
3676
551
1963
3979
2469
2988
4021
1837
3734
1658
1707
793
3360
2993
1198
1272
1454
1472
176
3536
3227
2913
3816
1215
2505
3037
3696
711
342
1669
2782
1847
439
295
1295
1602
3186
2772
1870
3948
2320
871
212
1532
3414
3065
2134
79
1946
2830
3940
1264
1892
2083
1105
3199
2044
2163
3692
1258
814
2687
962
3494
2231
3316
1271
2459
960
2897
3743
945
271
2118
1855
2544
1809
185
2080
3346
1144
3612
3092
4083
1080
1210
1011
470
572
2886
1743
3121
2532
590
2079
1538
1790
879
894
3320
3918
2702
3081
230
1632
3241
506
627
2169
1276
804
1075
2550
24
4051
490
1205
2114
1606
2170
1547
2008
189
3925
4025
839
81
1507
1524
2463
2408
1812
1663
2300
2229
3418
2543
75
786
2396
2815
1024
1067
2007
2696
1949
3949
487
2495
830
1553
2082
677
171
3772
1353
3848
3042
1932
24
847
3389
114
2373
267
411
783
2765
1561
1308
1205
3226
2785
3448
2889
369
3079
256
241
2181
1973
1659
2044
4006
215
2800
2614
1356
746
237
428
2106
2279
824
3671
1982
3214
818
33
2177
4027
1130
1789
953
1049
2236
2222
3117
1709
2616
3368
2378
1107
4072
633
2667
1944
757
1355
740
1719
224
24
3433
1745
923
3357
4042
849
955
1435
1504
780
1443
770
3867
2082
14
534
1724
932
330
1604
1085
1223
2517
2123
1480
1602
597
3281
1699
2301
3471
2052
3080
1459
2771
2742
3275
3211
4005
2623
2521
2694
657
2191
2665
4086
3511
3232
532
2503
224
3156
1637
3427
3138
342
1776
2934
648
3378
1212
1088
3162
3201
2520
1508
1790
3100
2711
2956
2716
138
3321
586
3351
2941
2252
3696
2188
2832
2092
2493
3474
1776
2387
3260
2128
1159
4063
2271
3866
3785
2587
2454
1795
1681
606
2462
3266
2655
951
1148
3932
2655
2773
3504
1500
3492
1399
2809
1330
3364
2171
3535
2503
273
2979
2720
1229
686
3834
3160
1548
1758
1104
3834
3066
1046
3109
1774
1237
1057
31
4004
2342
62
1310
2279
2500
4075
3385
9
1976
2265
937
4028
2724
2966
1608
2350
2902
328
3349
3706
2450
1520
1693
3221
3086
1889
3685
3495
1198
3690
3348
2847
608
3483
3786
3152
719
2148
3199
1705
335
3809
4069
3736
138
2994
3273
3365
3106
3454
2089
1165
659
1373
1604
1576
1624
3211
1305
3813
360
2557
3463
3219
2914
3802
2575
3731
1236
1291
1845
1913
4016
3744
1994
165
99
1691
2530
1033
3379
1571
3863
384
3690
3778
910
364
1711
3046
2375
2843
1125
2865
2924
1981
2191
2635
2310
2432
3888
2178
496
3885
1284
2706
1046
2720
3648
3731
1742
1448
4012
3091
4087
3987
2325
2283
2347
2306
2361
3397
3366
700
3459
2905
3245
2651
244
388
699
30
1043
1923
3611
3260
3302
1909
1365
2004
1674
2570
740
4094
212
284
2591
540
2523
3636
2823
2043
270
3185
1146
954
2248
1961
2946
2421
645
3471
2960
3740
3022
101
1158
3870
2237
1653
1636
3223
1777
3655
2620
3832
3285
2140
3575
1227
2508
2261
3204
3671
150
2883
1446
1335
490
3149
682
1744
3554
3507
1585
3848
1231
1955
1455
2280
1148
3328
3450
459
259
2915
505
257
1990
1676
14
537
3392
1267
2268
2505
3174
198
964
35
3004
1766
1324
1051
162
2654
1606
1061
3108
3455
1092
3416
3907
1963
1084
867
698
70
3725
3955
3318
4028
1754
3796
1303
386
1572
2683
1204
2746
3205
870
2814
1281
3011
403
694
3574
1172
215
2479
2369
303
1673
1054
1085
3365
1602
1050
23
3227
3239
360
2237
526
2951
3266
1555
3036
476
2104
1957
1951
2509
3851
3231
1383
139
1421
854
3263
1849
3909
3652
1
2339
873
3235
2555
3993
780
1619
1621
590
534
622
1578
795
246
4089
2132
969
3228
99
2403
962
75
90
2860
2932
294
3275
283
3626
1715
3733
2783
3696
296
820
2176
3477
441
1716
3993
1268
1616
2801
1761
2655
519
1435
690
3058
706
2392
1415
2469
3203
2493
26
2809
368
4072
270
1612
4045
3942
405
788
3432
2246
895
2554
3156
1141
662
474
1645
3954
1931
333
2135
554
1766
1909
3085
3222
2095
1351
673
1472
1278
1501
1116
1511
404
2773
2292
1804
3453
3971
1062
751
3954
3122
3961
3506
234
2817
3678
3587
2631
2422
1070
3283
1418
3029
1065
463
1941
3652
2826
2715
1079
3863
2286
3211
3836
3999
2372
414
3462
197
301
3811
740
3365
2864
124
2744
2108
1312
2279
3736
1587
3789
2823
1012
154
393
3857
1390
3750
4076
690
1045
134
4038
3840
798
1494
119
3859
545
4014
2562
1042
1522
2944
3461
3413
1047
360
3926
1960
477
161
2385
2639
3864
3578
1509
1829
558
13
1128
3764
2822
1273
264
2513
3880
3347
2280
840
733
3364
1996
1505
2030
1256
1595
1046
1845
87
2311
1815
749
201
2464
641
313
3461
1253
297
1371
252
3553
647
2980
1786
2718
3331
1996
1714
3288
3624
2546
3272
797
234
1576
1442
4070
2003
2908
511
3602
2636
2691
2145
2170
1348
2392
190
306
3208
3059
2737
932
2752
952
1358
4022
2891
1746
3840
3365
1525
337
1628
3255
1000
477
3077
3535
1108
3942
3636
1598
3700
2159
465
2640
2774
1208
1759
1902
93
2912
2746
1257
1593
1201
1099
2448
1956
1530
3096
2490
3858
3400
2901
178
205
2909
3987
309
174
528
3996
393
3928
3781
3379
1222
1244
2120
997
2896
3620
3361
1956
3944
607
3774
3614
1250
2493
2556
15
4059
1213
581
1685
2833
3162
2239
743
4083
1860
3048
715
696
424
3221
973
884
714
1068
2198
3395
1187
1436
1637
2215
2238
3676
3966
323
3028
2499
3738
3708
1162
400
358
3672
3790
955
2256
1638
3912
9
2919
930
1798
2384
3426
3214
230
3954
3999
3240
1220
681
2336
3115
3083
3441
2616
3168
3450
2741
195
2667
764
2161
155
1453
2991
3267
936
1750
889
2564
1004
3409
1860
2055
116
1767
1748
1646
1105
3170
4005
1216
2661
712
3790
3464
3179
2936
2170
2641
2940
1288
2504
3775
2395
3777
520
2448
834
1357
276
3817
433
238
121
2166
3524
3749
2263
1263
2173
336
3201
2134
2174
4005
1891
3412
3110
3983
3414
1951
440
205
375
379
174
3382
1187
893
1638
1326
1113
2333
501
485
1196
2338
845
4024
1407
661
158
2967
1977
1991
3768
2625
1706
329
2201
2344
3606
943
606
2461
3311
1311
3946
2270
3171
2884
299
3621
2271
1051
548
2830
2858
1561
3288
3414
3568
4091
1180
1737
2591
1135
425
3678
3465
3454
1811
1563
4079
123
1134
2395
1609
4051
2840
1394
1630
1981
3213
758
3110
3650
105
3362
2654
2946
3324
263
220
1086
3574
63
1806
1383
2563
2603
3266
2636
1354
263
1677
3773
2154
1951
3870
308
1538
3230
2503
2178
3262
4007
1287
1324
2880
14
3721
357
588
2864
626
732
3438
1968
1473
3882
238
2503
2950
833
3285
1384
2916
1204
3852
1819
1579
3305
465
3217
2307
2216
543
1439
1961
369
3789
2499
2676
2119
2539
1488
3688
3448
2506
2032
1835
2618
3789
2623
2464
2954
3954
1937
2294
354
3678
195
3891
1220
1283
674
917
3230
3035
423
34
4062
1941
3184
1741
1076
3915
342
2007
427
2896
310
2734
527
3161
1408
966
1928
791
1354
2553
2993
1417
520
482
2625
1088
2307
3565
2464
1059
3677
3632
4042
3244
644
30
529
491
2361
2721
3039
3072
1558
132
2484
631
2361
3858
242
7
607
1757
1156
209
1012
995
1708
170
645
1886
3959
116
519
1345
3156
3733
2719
2786
3479
3047
2741
3195
2875
2653
3411
1147
336
2265
1356
3914
2421
2003
1993
941
1014
1961
225
3908
3905
3638
2924
3854
558
2139
3745
3724
2394
2751
3188
335
3724
3898
745
4074
872
420
1367
2728
892
1682
726
2930
1292
1381
3484
2130
2644
1930
3714
1795
1332
1337
4027
2448
1835
3413
2741
1157
90
3359
2912
3034
2340
1003
4041
1878
1862
952
2385
74
1777
83
1220
1464
3881
5
1113
2722
2444
1192
2177
2067
3225
3432
456
650
1008
1016
502
557
2079
2246
3874
1359
2204
1555
3394
873
1291
1767
7
3027
2043
2909
658
2196
862
2248
883
1866
1813
42
229
88
2235
1283
4078
1115
3923
252
1104
2287
3776
3381
2217
1044
718
2238
3644
3811
2280
974
2799
2332
3255
2387
302
3063
751
3733
2885
2115
1846
170
3120
1041
3724
3580
1647
3253
2165
4046
2950
1193
1422
3046
50
2606
602
344
2305
265
33
493
634
200
3547
792
1679
309
1031
1634
2309
943
1005
1844
3485
3182
2986
608
948
237
3506
3804
183
271
1557
1974
1170
2066
450
1118
1279
423
4039
3983
553
4
436
737
139
52
2591
3664
744
3742
3603
2581
443
3264
3970
2298
3153
1125
1853
2582
1767
3728
762
1631
383
448
4008
802
2808
1253
2762
1192
458
1344
1318
1207
3164
1039
2634
2877
2240
2466
2873
2617
1221
763
3835
2505
1379
1372
1912
772
3488
38
362
1321
2603
4026
1841
2191
375
3646
3256
2342
1282
1776
965
2153
1400
3232
1332
3697
2291
1629
2445
3871
1820
2104
3821
1218
2580
2033
226
2978
722
3634
497
1468
2636
2723
3364
3554
2317
2227
2176
1524
126
3539
939
1366
2357
1281
3328
1575
873
804
1550
16
1196
264
2961
1651
3880
2853
2081
3099
1315
1386
3715
2920
1450
3166
2567
1151
1778
1387
2673
3424
632
3770
1027
2051
3534
1658
1588
2068
1480
1131
2385
3833
3563
2810
2202
3069
396
3788
476
671
671
1352
2162
1726
386
964
2359
2224
965
2730
1915
3272
2260
1160
1522
1399
189
2554
836
3816
2194
1227
2883
3454
2539
3004
3915
594
505
2552
3083
1750
1570
2835
555
409
3194
441
3684
568
1549
275
1770
3690
3266
3678
3333
958
2805
266
736
1116
428
1935
2919
682
1237
351
3134
2525
3924
3907
3195
3182
2686
2096
3025
3061
2005
435
2748
3285
1171
3354
773
2220
919
2643
1750
3712
650
173
1980
2855
599
926
2294
3501
1732
2263
23
2534
625
2537
2452
3449
1059
2606
3363
1985
3538
873
3636
3227
51
1034
2829
3644
95
1344
3319
2022
2209
4043
1500
511
607
137
1599
3930
4062
2159
3232
3847
442
1948
618
4025
2501
2754
933
2182
3644
2550
2192
1563
1206
2090
1675
2436
2014
3583
2288
1599
3307
3663
3033
3
2628
578
324
2298
3122
2231
376
2190
2977
202
689
449
1569
2518
2768
2795
1491
370
3851
871
1765
3530
1279
2195
3974
2904
2482
2651
2522
2702
3924
4050
821
57
3879
3941
2939
1828
1941
3790
3175
4030
444
523
2286
2516
772
1679
177
2111
166
167
2952
2348
2254
344
3751
1202
98
860
1907
3364
1769
2383
2993
3421
353
994
2
90
1946
177
1888
1674
1707
923
769
3349
3761
1162
1003
2576
319
551
1501
236
2132
174
1627
3270
1553
1279
1697
2712
455
1193
574
2966
3356
669
76
3676
1635
1539
1522
50
3781
2267
3184
772
2202
2100
3806
609
1283
998
720
1507
1399
2201
770
1515
780
1073
25
561
611
180
2998
800
80
21
3497
2625
3342
76
3084
1756
3962
2835
2196
1164
416
3356
2799
1924
1141
2994
2044
2251
2500
3133
1816
776
579
3010
1369
162
3003
877
3114
2223
523
2097
944
946
2886
99
3557
479
118
2369
1998
3382
2181
3090
745
615
3603
3944
3372
2489
2556
1708
1350
3186
2813
2065
2278
3570
3916
24
134
3156
2615
54
1955
4033
318
217
1169
1545
2030
2544
218
1897
1479
2947
821
3217
1256
1555
3709
351
934
1582
1622
1638
3513
3302
3320
3952
2883
2151
3824
989
2714
2933
2576
1374
1900
1137
2593
1444
978
2292
731
3805
1128
2302
2056
360
214
3948
1613
3390
3304
1008
3977
220
79
977
1163
4044
2955
1091
3000
3757
139
2907
2892
225
163
2032
1276
1892
3730
3269
2921
4015
1567
2766
3899
1629
3717
3984
1805
2038
347
2745
3137
3357
181
2007
1271
3802
234
3034
2597
2133
617
1544
1665
209
3965
1846
1147
1309
2353
3357
3361
139
1975
1308
4080
2061
3987
1459
702
2144
1690
3615
237
2135
2476
2024
707
3912
3509
3771
720
3487
2433
3809
690
291
298
716
1236
1350
3351
1052
4084
3636
1049
3295
1463
1498
3808
3405
606
652
3019
2264
1835
2333
2239
1320
130
1157
534
1973
108
1972
2272
1131
1179
1156
1893
1454
568
1189
1956
2443
3950
769
2515
3632
315
2395
4085
1910
1020
523
1935
3365
217
3937
3507
3029
774
917
2911
1833
3258
399
3338
1336
3669
1992
2583
2478
150
2345
75
1726
3306
3598
724
1179
257
2379
2102
3651
2338
2737
3386
3278
3887
2945
1104
3921
1463
1640
2275
2680
2312
1176
3068
2205
490
1359
1262
2331
2384
3292
3456
1334
421
2343
361
626
1175
2526
3024
687
3541
1247
3070
1538
1787
376
3484
1015
862
20
1305
2374
2024
2299
2521
3489
3505
2335
3222
59
1768
1154
3965
237
3668
2562
742
3554
2575
1934
2173
3932
2196
2545
1908
2927
184
2411
4062
3736
3838
3952
2672
2059
4075
482
1178
850
1224
2876
328
2199
77
2239
1388
608
803
141
4004
101
3058
2972
475
2760
1576
1668
1259
277
2156
3506
1839
2531
3342
3517
1953
582
3972
2973
2004
2598
1442
800
314
1310
2801
3202
1208
1578
1920
2633
558
2255
1497
2136
2299
2627
3965
1715
664
407
3290
167
1990
4069
3258
2340
2888
3036
2823
3800
1994
591
2966
1774
1314
2103
897
1869
803
1229
3834
751
3137
2660
3352
3248
1523
3320
3453
3092
1707
2650
1132
3764
238
2112
157
2287
2356
2689
1496
469
99
2777
2325
173
1641
3282
1274
1455
2248
3047
523
2054
680
224
1626
3656
2093
392
2630
2239
3483
435
2149
644
2428
1471
2021
81
506
3422
2473
73
1043
118
1809
2434
1291
2172
2759
3326
958
2030
174
1382
4024
1281
483
2181
1052
198
1020
1010
2869
310
135
1036
2899
3125
2094
3901
3631
3339
1099
116
1522
782
1053
859
3208
2434
1092
287
3045
92
2033
2151
378
249
451
4015
3101
3186
75
1454
3532
806
410
2215
1408
136
2148
502
760
2399
1084
1127
3666
949
3164
353
3153
2142
3072
1199
2611
3083
152
3200
1113
2072
1922
1948
1693
3647
705
2636
1494
2345
2640
196
3575
778
3734
2115
2317
3600
200
3614
1339
3813
1404
3881
988
1319
3069
2452
1041
635
3570
1653
422
3263
2901
3694
256
806
2053
1810
1379
1401
3587
2478
663
1996
1665
1157
2206
3095
1889
686
1731
2928
4061
3499
3365
173
3040
1834
3024
1875
1445
930
349
270
2100
1226
3584
2687
111
3808
334
1166
1334
1389
168
3486
2630
1984
1916
1072
1627
1228
1147
2144
1627
1052
4093
2040
3590
1918
2368
2732
610
859
1850
1394
4083
1579
2336
1262
3665
41
549
38
641
2430
1552
1121
22
3866
1824
1783
2302
1522
1159
2692
1632
1661
79
3268
2549
1216
2887
152
4040
3998
3647
2195
2101
2739
2418
2459
2754
2020
1025
2425
3113
1192
810
3779
504
3639
3167
2643
648
90
1473
1236
3286
1643
1805
577
204
3005
476
3184
1447
3789
694
1784
3182
510
3538
714
580
3907
216
250
2529
537
2516
2386
3295
3662
553
1066
2780
361
2788
1326
3261
2292
260
1608
3443
646
3799
224
228
3701
2143
943
150
606
914
1317
3542
3285
2775
2491
758
466
218
2553
3353
1715
2167
1475
3085
1628
269
894
1860
1658
3937
3517
697
3271
2891
3480
1481
3616
2996
1792
523
495
1809
3834
2106
2342
3627
2145
1083
3821
1230
942
3260
2204
1057
516
3101
2456
3925
1529
1046
2709
40
2986
2443
2297
1666
2355
2689
2143
1923
1426
1393
3695
2195
736
1918
3684
2815
1627
2480
3348
3703
3308
846
759
995
2973
1775
1903
730
2925
1207
2862
1709
3657
1809
1800
2989
3789
2237
494
3941
3999
2517
3755
1848
3758
2518
4082
775
2958
2484
1279
3560
1491
3194
2114
3861
2902
3606
435
1977
1159
3201
3378
3786
552
1036
1020
3407
3581
2809
3007
2590
3659
334
3151
3849
2544
1089
1959
2261
2978
2233
2275
2869
439
586
211
1093
1221
850
1320
2758
2216
1735
2930
1329
1447
2339
3462
3739
1130
120
2963
3818
3514
2436
3274
1037
2395
3408
3437
94
2164
4096
2560
3755
180
3214
955
735
1064
377
615
1294
2299
3533
2981
1716
2986
3821
1504
537
3924
880
2467
2868
1297
4076
128
2426
1756
1638
2709
903
3514
190
1522
751
2435
1803
2441
512
2961
3482
1364
1831
2778
1556
2522
753
1926
596
1293
2102
2165
2335
3401
1156
2238
1241
1025
197
675
1031
486
3756
3102
1236
1268
2010
379
3012
3117
2715
1871
1665
421
1427
2230
970
2376
760
2110
3285
541
3819
319
55
3967
2380
2891
1717
2657
551
837
2572
2171
3814
2232
3699
2315
3756
3993
2080
3741
311
4026
2805
2370
2619
1905
286
3361
3115
2279
1982
1517
3069
3089
673
2475
2370
657
573
2391
2082
1491
2059
3661
3734
2164
982
3814
2902
1726
2064
561
8
3213
3173
1908
3623
2509
3569
468
3905
457
4027
1888
3146
499
1951
1328
1068
1712
67
3624
2245
4077
1076
873
2257
1680
3444
1963
1505
2504
1887
2371
3441
476
3665
200
898
3840
80
3403
96
1777
372
3332
84
1040
1616
1003
1587
265
4027
3342
139
4002
2118
3335
700
369
1567
3214
1432
2933
1549
2310
1524
2039
2949
1377
2530
1568
4043
1752
3766
1540
1791
3399
1029
3911
2116
1080
3375
3292
3637
4061
2926
2543
3528
2025
1142
2488
3912
475
3794
1046
324
517
1669
3464
1904
1672
3566
315
1780
1395
3448
3904
3169
515
2408
2588
1669
2997
1062
3886
3799
2110
3025
33
2478
1993
2124
3364
1539
3336
3527
3819
528
937
3288
2302
2869
1389
26
3119
11
1066
2706
1173
2686
2014
2354
88
1314
317
1936
2906
3003
373
800
418
2260
2020
595
822
3467
3654
1008
1068
1305
3897
1875
3341
800
1655
1945
34
334
129
418
2017
1891
972
777
3755
3987
595
2763
642
1955
1143
3875
3176
2329
2791
1438
121
1772
739
3292
1851
1583
3706
3166
499
2129
1260
4042
829
2666
3832
213
1219
1378
2947
950
39
3502
3586
774
3678
1666
2264
2640
1815
696
2609
2850
659
1495
2313
554
16
3998
2460
565
3620
3450
809
837
2183
967
2935
3962
4057
1820
2930
2763
1787
337
2155
3592
1061
2979
210
3429
2236
2187
3949
1607
23
70
1258
3367
483
2212
2884
3561
3074
3081
1256
2612
1671
3752
1020
3019
2801
514
4086
1628
2977
3988
512
1572
2364
2286
2532
2834
3946
1518
3263
3763
3280
3363
3492
3186
2066
1930
1848
1514
1123
441
2546
593
1864
2176
3223
1771
3032
2193
773
140
2262
501
2396
2201
1794
3698
1390
140
673
3478
3438
1469
2866
3635
2703
626
2424
1287
259
3799
1730
2448
2481
1662
1991
467
3261
2605
2785
3440
1574
3537
2571
1547
3799
2417
581
2375
2022
3594
2994
28
2722
2523
1397
1878
3252
1887
3825
2729
669
2571
3398
3887
2597
627
3789
2524
2997
3293
2660
1121
621
1750
447
3025
2731
481
2233
1276
3328
1953
304
1376
2066
348
3030
1200
244
3450
1472
2327
1372
2815
222
2010
1840
824
727
4007
3428
2683
1221
1660
2965
905
3546
3557
3988
1647
2559
1167
2892
1404
882
1550
1799
248
2281
4037
772
1943
1872
1070
1685
4049
3472
2873
3016
1671
2629
2209
1647
2287
2040
2414
1301
378
651
3350
2018
3146
2677
4006
1597
2100
3088
3060
3254
525
1308
3168
2259
3621
2068
1688
2073
804
862
3011
1442
1168
3850
436
596
3635
1988
2370
945
2131
2516
2272
1200
3178
1408
1199
1997
201
757
2600
2750
3483
888
2461
266
2014
488
2298
1342
478
997
784
2322
1183
1846
3606
846
3391
876
3686
11
3660
50
2577
1911
2916
3976
1397
2176
1419
3937
1776
1620
3686
3905
4061
3999
2869
2849
3633
3630
1016
1440
3576
1150
3289
2295
2209
2920
1863
1540
723
1701
349
3901
3838
2859
2360
2021
2108
3451
2128
959
2348
1577
254
3144
2931
3231
2460
3120
1293
914
90
2803
1195
2883
2442
4018
434
3403
1300
1116
2183
1207
342
1509
3817
1637
52
1309
2744
1275
1845
1238
1414
1578
3198
3286
2103
2451
1152
3055
2877
2162
2653
1328
3701
3855
2211
647
1797
637
675
3077
1249
3316
1572
1932
1801
1455
792
197
3888
3862
2700
177
2240
565
3810
342
1202
3558
1894
1740
3197
3530
1222
90
404
3410
423
1491
219
1887
1370
1486
2431
2190
670
3593
2664
729
136
1536
261
2381
1985
1716
3835
976
2167
1344
2172
3766
3384
2858
831
743
3236
2102
287
189
3541
3423
230
3710
1367
353
4092
496
2694
2499
2968
3450
1156
2250
902
1131
1770
86
3610
3944
3226
3836
4005
2406
221
290
1887
2207
1074
514
1028
3009
3313
2990
879
3500
1399
1608
1320
235
2940
681
1763
1094
485
177
2029
2485
3300
727
1565
2911
3643
2312
3682
1987
3295
3054
1649
3677
3975
1575
264
1874
1901
3307
1699
3587
1436
1834
22
3771
1726
3617
743
1281
126
168
2854
2903
2473
1667
2920
3109
282
743
2586
2197
2224
715
80
2213
2366
2351
3211
52
1400
1246
338
2553
2983
2719
2252
2815
1948
1636
1529
730
3236
3513
3576
2794
590
3338
1734
1088
795
225
2904
3246
1363
2019
822
2289
3865
1089
3968
35
527
842
3694
3717
2756
2847
1951
3291
1969
3893
3204
2574
3958
2530
1308
3752
3815
2471
1403
1390
1694
3591
1311
1511
2686
3305
987
1930
2525
148
2810
3519
1790
236
3920
4052
267
880
3967
2210
2500
2360
340
3031
3600
2236
828
3805
3061
3714
2609
3028
584
98
520
901
133
1238
275
311
1554
2042
2040
2117
3497
3520
3509
1789
2957
2923
772
641
1511
226
3219
2885
2599
2716
3934
1840
1290
2837
3640
1580
1815
477
717
684
196
624
2288
404
2197
2060
2469
2072
589
2712
3345
467
2029
2057
157
3362
2297
2704
500
1389
192
3080
11
1468
3567
2326
1526
600
843
2333
2495
2752
2142
2517
1408
3035
1990
1682
1734
1569
772
2446
255
328
1352
1197
432
1204
2219
1470
3690
382
3214
2909
1063
2391
3460
1407
1571
1481
3370
1653
216
1678
3240
1536
3130
1351
366
1332
1487
2018
2758
1260
1383
2667
156
1502
347
629
1287
1410
1604
3887
204
988
1319
2246
2824
2835
1403
1627
2765
2873
2080
228
2509
800
2488
1174
1712
1764
657
2970
3224
3663
3157
2379
2338
40
776
2390
3408
2558
471
2888
3062
3863
2210
1911
1753
3003
781
1037
2532
1771
3342
1281
3695
843
624
4075
2358
3582
3667
581
4011
730
2894
653
4048
3215
3939
2960
935
3032
1387
2703
4031
3668
1018
3478
2497
2403
574
3906
2824
3019
2842
1020
3722
1111
96
1901
228
3233
1705
3668
702
2194
441
2518
2589
3344
2584
1438
4071
2397
2784
417
3673
2919
4088
1504
761
169
1807
550
2437
1728
1645
3715
2829
1015
564
3754
53
1431
880
1554
3385
3834
2758
1255
1411
3298
2435
3358
2744
3878
2040
653
2207
1486
3700
500
61
197
1307
1207
1935
2714
576
1867
2847
65
2608
3141
4009
3233
2509
384
3603
1384
1396
13
3227
3092
42
819
1085
4015
1733
2753
1308
399
3340
1046
3895
1608
100
3674
2438
157
1384
1437
3813
2489
487
2568
1749
3376
1565
3432
1755
1140
574
656
2806
1136
139
717
2356
1055
3270
427
606
2513
3393
2022
1007
3979
1545
1382
2788
3102
2407
3499
1071
2251
1393
4040
1134
3497
697
1316
1889
957
728
178
2286
1031
1503
2260
1346
3873
3119
599
1541
2376
1204
1320
586
1354
861
3479
2642
3555
735
289
2423
3802
824
945
919
3130
3992
2155
3913
1101
459
3375
2603
2895
1986
3546
919
1019
340
2952
2933
3382
1382
3634
4032
3910
2393
1968
2034
86
3435
3635
4069
2155
2787
1264
3405
776
2204
1002
2712
3913
19
1823
2296
3982
1915
570
2833
204
3567
1117
3073
413
3012
2609
2692
3798
1494
1173
1113
749
1576
2666
1930
1520
878
2329
2310
3928
2098
1903
749
276
3311
975
3564
3590
1108
2920
1086
497
181
589
4051
3314
3175
3047
1447
995
373
3824
1346
1386
3775
1657
315
1294
2602
351
3250
1667
387
1139
934
2923
3661
1287
1641
2093
411
3574
824
2449
568
149
219
2311
1032
3790
1316
3471
2721
1788
319
3683
3073
1794
1209
1515
2645
259
55
2433
2559
3532
1739
4055
2796
3476
2595
2430
3473
1103
541
2174
3956
835
2182
1252
1815
2714
1587
218
428
3424
2465
1992
2091
180
1921
1148
3179
3773
905
1898
1481
2036
1234
2264
1739
2355
1955
3526
1438
1277
3880
137
872
2055
553
2426
1095
2084
3773
3069
171
3427
2115
4041
2966
1598
1348
1920
2478
644
2817
2153
3475
2666
1811
661
514
3988
3736
262
2224
3170
2176
2702
2522
592
3941
1054
1546
2478
1650
1278
3393
471
700
1277
1283
3765
2411
3251
957
1111
3149
3377
907
191
3158
2966
3166
3617
1103
1029
3441
4
830
3839
2053
2099
1521
2856
2982
2709
3970
3780
2402
32
844
129
85
1095
872
198
3638
1356
1906
1758
1188
3645
3403
974
3094
2037
418
749
3150
2352
1669
2227
1511
1127
2211
2905
418
1075
3339
4042
1356
3471
532
3729
3598
2042
1588
3429
1357
1011
2816
2461
2714
2020
969
337
1186
346
1325
1560
2593
1417
3088
211
3841
3828
1672
2226
2731
1542
2060
1559
438
584
1475
3776
2471
3114
2146
3857
961
2558
4036
1684
1830
973
2142
1796
1930
3339
2539
3477
446
1002
1752
642
1908
4093
1348
3951
582
4057
3472
387
3480
3605
3017
3353
153
1973
973
1069
3539
1611
4051
1505
3971
964
3974
1201
2394
3605
62
2065
1132
984
1976
129
167
3940
2963
2853
2225
1560
2508
1750
3559
2694
1821
1981
3694
1160
711
1004
3070
2324
495
1029
747
666
2472
1126
898
1665
352
3277
3470
724
3195
144
3333
2627
2146
595
469
3698
2046
2131
2445
806
3277
2614
198
3407
1359
1695
3827
1281
2465
2547
883
1779
3674
3196
490
3914
3829
2470
3946
3144
1206
2799
1876
1658
1091
4045
2129
3574
2663
3399
4029
363
4018
786
1864
381
1823
2731
2531
3153
1670
1862
1704
296
336
3991
2279
1513
3705
2486
2441
528
2582
3299
1614
2851
3076
1217
569
402
2538
1512
2915
55
315
542
3898
3902
2813
3232
270
3101
3242
1703
2253
3866
2483
3981
3284
3046
580
1805
2685
727
1685
3594
1305
1853
3927
3912
3772
3244
1788
2419
1769
304
3894
1380
2510
1262
3190
1851
2378
2570
1809
1020
1388
3976
2615
3187
3585
3859
1149
1997
556
2319
1452
1254
2318
30
1147
3781
1338
236
2336
2113
180
1558
2374
3402
3399
3641
1411
1276
2826
1478
444
953
742
2473
225
1025
2406
489
1163
852
1915
778
2867
2562
3114
2825
2655
1881
2528
1010
3181
1378
491
311
2669
286
1689
2811
3797
3627
255
1779
1568
1005
3817
1406
3888
1809
400
4
2616
311
134
3484
1837
1764
856
47
79
1506
3888
694
238
3402
3031
2896
1188
2948
1591
250
2888
1792
2732
1953
544
1634
2123
1687
1690
2804
3165
339
1985
985
1998
2720
3622
1747
3850
710
928
10
3617
2612
550
1722
3690
1696
2801
2642
907
3434
3683
799
1935
1605
1657
3237
624
2329
1949
3801
3572
1882
1494
1012
742
270
1763
2243
2658
1320
2123
77
187
4028
1102
2244
1055
214
2800
4033
556
3474
385
3163
2861
224
2717
3179
960
2839
4067
395
3619
3239
2511
1493
1731
1905
2364
4072
4041
657
2301
3918
2440
2818
1171
613
1678
3730
1357
261
3600
691
1917
154
1664
2254
2141
3351
148
228
1783
1884
1877
2241
3889
3730
2572
1483
145
1934
3457
66
1221
4046
2498
3543
1891
505
1520
1110
2760
1842
3367
3934
1024
2578
68
2021
1850
3531
1193
3355
1590
1471
1961
3683
2701
3988
2687
445
2642
3821
616
785
2565
1551
1978
3266
83
3866
3430
636
1456
3933
1510
2288
283
2077
1832
302
403
3040
1293
3769
4094
1187
5
3578
635
1630
352
2630
1025
1766
1516
1952
3784
2374
807
884
3401
1445
1146
383
2784
2977
2587
1743
3936
3102
1693
3575
3756
1977
1567
3528
1981
3334
2006
3451
2290
124
1677
925
1173
3358
1345
409
2014
1216
48
234
2920
1418
3099
3674
2577
1865
347
322
3320
952
714
2357
3407
3432
245
738
2928
3581
1545
2881
1788
1626
723
3034
3630
3793
796
628
3379
3089
1467
1437
4064
3477
2050
807
2680
1039
677
3790
631
1937
1846
1643
1227
1343
764
3452
2717
2393
3030
3226
880
1839
66
2161
811
423
3711
1417
283
1682
1201
1098
3604
2010
1383
3008
3641
1095
78
4038
542
3553
1246
2570
218
3958
619
2961
3285
1017
4044
2195
1327
3639
1887
1240
2351
385
2984
2298
1157
1025
3301
1279
239
24
551
561
622
3883
985
2578
3385
1637
1841
391
4021
3154
3158
2597
1142
395
3756
1037
3142
2897
915
909
264
2456
2652
642
1917
2149
1770
3205
778
2332
3514
337
323
1539
847
1518
1518
1833
1409
3278
3382
2316
2171
1968
1028
3709
251
2253
3022
47
2609
2497
522
2236
2140
1537
3376
509
3605
185
3391
755
780
738
3632
3375
31
4040
46
1288
3352
2974
3449
1311
591
3359
20
1874
2080
2629
274
3202
1721
1069
148
1696
1210
3774
1444
3973
1092
611
1357
2922
2572
3700
1326
3916
1744
2960
2132
3618
1692
1227
3457
600
3894
1199
1456
693
2801
3560
2414
1565
963
360
2627
3334
85
1465
739
177
1310
1753
990
508
626
3633
3891
2184
514
457
2800
3511
754
3818
3700
10
3086
2510
1919
479
1651
1097
2699
588
1680
3941
26
3443
173
709
3034
227
2011
561
2395
2048
1743
2205
2122
772
3720
3949
1339
728
1193
314
1049
3428
824
68
1394
3608
3271
2817
1573
2504
2822
2417
1184
473
1172
4009
1219
2733
217
3491
2080
2302
496
4000
2175
1702
2611
851
3500
1238
423
2523
962
3155
2649
1416
1961
988
1037
1007
3320
862
2537
1407
1332
2371
1106
3919
3364
2996
2761
1242
28
3349
720
3697
251
1976
454
1343
2600
2851
192
3034
1618
415
2839
2318
258
137
618
3363
1698
2739
658
95
1551
756
2783
3123
932
3642
2298
815
1031
3137
747
232
3880
3132
1445
3098
2233
3916
3970
17
1211
3776
3402
3883
2029
233
3556
3384
1636
3508
611
2955
1164
2358
1521
4047
2351
1069
283
3227
1473
3034
1800
1322
1515
866
3865
1905
624
3743
1288
3595
399
4040
3305
3206
3027
2487
2847
682
2970
217
3816
2490
3854
500
2767
2005
3243
2606
2507
3827
2593
2900
2074
896
2271
601
909
1777
1982
2695
3986
1060
3935
1530
1459
1091
2397
132
3358
1902
737
3645
2292
3286
1174
939
1799
2821
2672
834
787
1330
1977
3532
1599
3273
686
1426
2821
3172
473
2793
1766
4002
3125
1149
3655
3487
973
215
1506
3663
3437
139
3155
1414
917
3555
2013
93
3411
997
2166
2021
153
837
2470
2138
2782
3791
2494
2637
529
3434
4004
3767
543
316
942
3909
1797
4007
2392
941
1378
3289
1861
216
2036
3157
3580
2904
1068
854
50
1851
218
751
1620
1696
3657
2260
1582
1936
3450
2207
88
2979
3840
1290
3086
3327
3461
1906
2766
2923
4016
1035
509
2260
3325
942
2209
1288
2905
1135
531
1515
1621
104
1420
2381
1886
741
3862
2829
1776
3916
3996
496
2959
98
1610
2424
2242
869
2820
3942
109
3314
3955
2659
1274
1878
3712
221
1531
3794
2649
3169
1050
199
3924
1904
822
3461
4082
714
3311
3603
1799
3450
948
1105
1687
1974
3234
3743
3947
1079
411
3183
666
4092
3802
2665
734
2560
160
1096
1447
3127
1386
666
1451
2730
4048
662
1800
3141
1536
2240
531
3299
3892
1262
2035
2621
3084
2634
3921
2916
1222
104
1392
2598
3031
3152
1749
3483
3962
2790
3231
2895
2045
3182
973
1039
1599
2434
1274
2235
1057
166
2236
2537
2808
310
3025
18
2121
3143
1847
1620
1066
3828
191
376
576
516
3065
3160
3099
3872
1586
2745
3193
3535
2020
3421
3835
3695
2244
2298
3268
3630
3445
3308
1832
289
2576
1268
2291
3843
199
2700
2182
1400
3447
1030
2625
1399
3528
2412
3079
2730
837
2516
3259
3368
2932
4073
826
3181
4084
959
2418
722
1415
3702
3951
2594
739
1219
352
603
3360
2324
3279
909
1813
1693
3614
1031
2878
2752
1187
4038
1901
424
1085
1759
1052
2015
545
3112
4044
1531
3085
3817
1061
1817
2891
3675
539
1217
3718
1088
2525
66
1946
1380
2909
1794
123
1934
1847
750
3679
3551
1247
3118
2936
3508
2549
2961
1790
2318
2513
97
558
1496
291
3067
126
2384
651
3694
3291
3767
356
3840
44
440
3510
1678
2903
3314
624
2868
199
3091
3227
3860
768
585
1786
3932
1915
136
28
1823
1353
13
3586
3898
283
2266
189
1201
620
2944
3542
1732
3240
3254
3176
2818
430
1826
3270
3967
1379
27
2080
4046
3191
3037
3826
878
1051
2832
3980
3288
2721
3314
830
3804
3498
163
1612
2723
2464
1604
1778
2746
3371
464
649
3106
2726
3694
2237
744
1491
1292
12
210
1491
218
803
1272
3598
1843
2404
2679
33
664
2109
3917
3933
2897
627
239
12
362
3370
2565
2318
2039
1249
1045
119
3923
3587
1595
1702
1567
3854
1933
1775
939
3496
1069
3584
274
1940
1568
1918
3718
337
4078
1149
1434
626
3923
1188
281
2334
1280
924
2779
184
203
2782
3735
3720
2121
1511
3982
592
676
1761
3783
2485
3803
739
341
669
3314
3590
2163
2140
2267
1824
2397
765
666
1686
593
2951
2511
878
684
2526
2861
3908
29
2227
2083
2069
3571
2663
1485
3192
2208
3187
1388
2339
2956
1555
382
3503
361
274
3583
845
2257
1221
1046
1987
1258
4015
2755
2161
3722
1670
3278
2531
1482
1778
1583
2323
3354
3029
1341
1700
2704
2346
155
3908
3267
3884
121
2014
3543
2184
1621
3219
3493
4010
3366
3421
757
2057
1877
3509
474
2783
2617
4059
2704
1381
284
1881
2290
353
3941
3058
407
1233
3634
319
3184
1824
907
3265
2866
3311
483
2367
2200
2839
3553
1894
3014
2857
2915
1088
1934
348
1730
2199
3149
1602
1982
1828
409
2172
3783
2539
3821
831
1367
1452
3944
2465
3655
1612
2800
921
2721
2238
689
1810
3844
769
3784
2241
23
3289
3364
198
2466
3660
760
1041
3677
3199
250
2032
3504
251
1106
345
3870
1113
4065
2821
1775
3614
33
1627
1296
299
2472
3857
553
456
2376
480
2236
2683
3677
162
2469
475
3368
3902
1707
1773
3396
3538
2887
1698
1721
187
2785
3340
161
3453
3471
756
479
1890
321
2184
496
2337
730
3645
2018
929
3447
133
3066
582
818
379
3031
2032
3542
2744
775
1854
1440
3723
2481
1230
1681
3438
2223
2029
4019
151
1539
3361
2826
2587
470
1341
790
3026
786
3003
1028
996
1678
1946
714
2977
2842
2156
3992
413
715
2568
1283
3153
1295
6
963
1985
1370
2904
3825
2124
2998
1155
1339
3716
1405
2892
2331
1560
3833
2868
2794
2621
1268
101
1947
2282
973
1227
3031
1946
2225
478
799
2575
2769
525
3154
3252
3191
256
2494
592
3990
2439
1978
452
3888
1820
2880
3172
396
1231
3892
2518
2138
2616
3716
3645
3550
2639
2376
1707
181
1027
3717
1065
75
2196
2062
1153
2586
233
3809
2034
3527
358
1954
1616
3651
2175
3520
2166
2252
1834
3753
702
3868
2051
3660
299
956
272
915
2384
238
2919
1433
686
1232
3912
980
1984
3610
4002
1475
2318
2100
1747
1037
1150
555
2370
3894
2482
2552
3598
970
12
3411
1953
3229
104
3207
2927
1073
3493
604
1033
2114
2425
2532
930
402
1114
3951
867
1519
1736
3000
3976
1799
2807
975
1340
2992
3582
2030
3024
1905
2976
3539
3949
436
1052
2772
1211
3256
502
2340
1209
40
3574
927
1820
3898
3551
89
1479
2639
876
2543
2413
2026
4032
2646
4004
3045
3684
1727
2689
1411
946
2254
1803
2677
1409
1138
4076
2142
3175
808
2198
1754
4087
3751
778
68
1398
2427
981
294
1069
3764
3312
3359
2942
617
2732
2624
1682
117
3120
2317
3391
3524
365
1819
3678
779
2412
1376
1497
2828
3756
3732
2437
580
2214
2329
3931
3844
1049
471
698
742
2504
357
2528
2392
4080
2472
557
1178
3306
404
1508
762
2743
2375
1826
3453
1284
1321
3086
4072
240
3720
875
2318
3381
922
2686
1921
3608
1520
3173
1093
1642
753
458
3243
3544
612
3840
1076
1916
3764
984
1128
1726
1349
1392
3418
2122
3186
2750
307
3987
1717
3926
963
1627
3053
4078
691
251
187
2056
2877
3862
3482
416
1576
682
513
2599
1253
2792
664
383
2664
3145
2992
1143
3887
2713
1335
202
2825
1371
2859
2422
3165
2181
3229
2354
2739
1295
2086
2957
1599
3314
483
3751
2181
2262
1932
3468
3050
277
1117
222
566
1347
3230
4053
2366
2040
1429
4087
389
224
1903
2349
1346
1482
260
3211
2708
3481
2069
1399
4077
513
1367
1401
2422
3898
672
2026
1798
2798
801
1649
3260
2591
750
2688
2773
1153
4056
3114
83
2782
2253
2544
3772
481
1908
2784
1753
4046
3648
1277
750
3928
2089
2483
3305
2400
874
2147
3136
97
3617
2001
191
1298
1740
417
2306
2941
2002
3299
3768
3955
354
104
3681
502
3700
2014
984
3608
1708
2295
525
1722
3988
3191
3230
2471
1313
2317
543
1780
3223
1841
1996
135
1984
1899
3917
3046
1875
85
279
1318
1762
730
1300
2394
273
4080
75
1559
1530
1167
3619
2257
336
2310
2823
2472
1420
2249
3508
979
472
894
617
3671
723
2871
3403
255
2763
2349
3185
3775
3857
3907
59
1706
1778
3605
1260
1466
2245
3482
4088
3274
3642
2543
3786
1454
2910
398
69
1569
255
2219
4016
464
3188
460
3892
2930
331
2338
20
3604
867
183
3056
2315
1652
996
3250
113
1532
347
904
1674
4044
921
3223
2850
2355
2975
1343
2693
2018
535
3496
806
446
810
886
2334
3799
2242
3408
2869
1561
1546
3857
2551
1369
2144
2317
26
4036
1260
3668
509
2116
3584
3364
786
970
3565
3334
1216
963
3836
3797
1952
24
305
2061
2811
3111
469
1709
1154
967
2901
2152
3202
1967
2242
2212
2232
1740
1737
85
894
2279
3286
713
239
118
2254
1295
2046
1726
3042
1599
1307
3815
2467
1984
3383
809
1280
3034
1125
1816
1268
32
388
2344
193
1389
286
3367
3983
1763
436
1854
3966
1267
1059
2513
2752
1086
3025
4038
3534
1544
2693
2968
3954
2124
1933
1039
1770
1370
777
1487
1373
2314
3860
1160
3224
1210
3751
3135
3157
1534
1521
141
2040
1438
39
3327
2975
1148
4094
3319
3411
1248
2248
1992
710
2447
3468
1160
3320
2884
418
363
3457
3156
1745
1587
3917
3428
3063
3270
358
2636
1052
1801
60
4041
688
183
2179
844
247
2285
3161
537
1199
616
1491
144
1192
3636
4033
3422
3485
2237
2230
944
361
3896
2138
3509
1010
3860
1531
1049
713
3077
411
3806
3261
1542
77
1699
1108
3719
3268
675
3561
3756
664
1279
3372
1197
312
3264
1038
920
1744
2727
1557
1541
1384
329
3615
1162
3853
2222
1854
3070
2487
391
1869
655
3588
603
2032
3659
2521
3957
3291
1575
110
2926
3640
3817
2080
415
3680
1513
1003
3522
735
331
403
926
2689
3209
1616
755
3075
3738
3350
2325
3368
61
61
145
2232
1130
2852
3026
3150
710
44
1070
1933
2753
2851
3012
1581
700
2413
85
3588
959
1851
1250
3683
3468
826
3041
1346
494
1433
3996
2584
2591
3543
2402
2029
1963
1198
3875
437
1439
224
716
2555
1190
765
1950
2135
2404
1477
3279
942
2866
1553
2631
1872
233
1482
2101
2633
2668
335
3574
2366
1486
2066
3509
2594
1406
439
2490
1439
3995
477
138
3712
2255
1472
2829
228
159
1345
1284
1979
2968
1321
1034
319
1533
3622
3283
135
2446
1201
1311
1601
1882
98
3768
1047
2132
94
2867
1678
2064
448
2239
2494
171
440
2876
1796
521
2301
978
2874
268
320
3559
2934
489
1856
3860
1519
215
3394
2880
2565
2642
3309
821
1590
3175
3631
817
2722
894
1728
3863
125
0
1172
718
1909
1427
3016
30
3500
2658
1703
1387
1508
3380
264
508
4051
1049
3120
1533
1840
1229
36
899
1923
795
477
3410
483
2724
3819
811
3831
3937
2918
2647
484
1449
4000
1094
2990
3956
3455
334
1263
3860
525
3283
2294
1045
2998
2977
2376
686
166
2880
3487
3675
1419
3525
3262
1521
1676
3302
3831
2004
1996
1612
621
3580
1450
1280
1755
2989
1357
2417
840
1076
2531
2274
198
244
1394
3714
460
1226
3156
2057
1738
3460
3498
2731
2210
1450
2019
3008
596
391
85
1492
2245
3456
518
1722
3801
2003
952
739
3317
3187
1397
3593
3384
155
3213
3683
3229
3692
1939
1573
702
136
2557
2017
3474
2677
2106
296
3232
870
2688
2914
3340
1670
3547
153
2354
2448
470
1282
585
3553
1665
2852
3663
805
2407
3452
3313
2187
3667
3353
3599
2959
417
569
1645
220
1349
560
2993
3175
513
1874
156
3028
3433
1916
2619
3717
1312
4019
3873
3639
1909
2182
1667
1446
1843
342
2363
559
4005
3032
1761
1050
2849
1864
3885
3042
3842
1057
278
2741
3484
2373
3900
3019
1080
1328
51
2316
4090
3967
1608
587
298
954
2998
1499
1066
1435
3927
1605
1719
932
3943
3526
1935
3844
2737
3979
3206
1358
3424
2509
1470
2721
2948
2978
2252
4016
546
257
1754
845
1755
1115
3404
2507
2497
1398
4069
3698
664
3615
2144
1220
1423
1289
1797
3736
2321
175
1578
1467
4005
2983
3592
2436
401
907
4040
1185
3358
608
140
3711
3686
2792
3084
300
158
1158
3086
4051
965
2630
1111
503
3101
3609
1739
2743
1373
2146
210
1563
4
1594
730
3424
700
3224
4059
1833
2097
3060
3490
1552
1247
194
2102
3001
1208
475
3679
1917
3228
2571
3593
152
2234
108
404
3458
1959
3022
376
1628
2479
701
2264
654
1811
1739
813
1434
2481
2815
469
913
3376
3798
1692
2234
776
1703
2470
226
1559
2107
3192
3809
3193
1881
2071
2815
2975
1509
2565
95
1666
3197
3902
1781
3983
3206
2786
1006
3024
2778
2470
421
3447
3720
2809
3097
3865
2569
2470
3403
3308
1533
1393
3842
416
2315
3570
3912
3650
2208
1466
3412
1408
2163
1274
190
2792
1444
321
197
1105
2832
79
2050
1749
1471
1890
1504
714
3306
1523
2138
316
322
1195
1518
2020
2857
1957
3964
278
3724
2168
474
1180
288
1993
3466
3353
3115
3814
1699
3360
2173
257
1832
1763
2703
925
1273
2199
2838
717
1058
1353
1484
2335
2701
3829
1819
867
2597
2334
965
3479
3585
2382
3911
2391
654
2446
3298
2431
309
629
4076
574
3639
692
1520
1742
1115
3513
479
2500
2604
4016
261
1245
2996
1439
1077
2843
923
787
266
536
3295
2631
224
669
271
733
18
2571
764
2703
2792
611
1598
2873
723
4066
1745
2138
3294
710
2053
2719
1633
4085
2500
3102
556
422
3407
2689
3166
2800
1094
963
4041
2502
3010
1426
2003
810
3382
868
156
3993
892
3570
535
1074
2653
1088
3474
2918
2897
1683
2169
4033
405
1959
318
2860
1802
3727
342
4064
1308
2559
1437
2852
3143
3477
334
2606
3842
984
284
615
510
470
901
1855
1228
3015
3710
1779
1227
620
1118
3536
511
1550
1009
2192
24
526
3230
693
3701
2195
1773
3315
158
1196
300
3818
2854
2951
3339
2786
1399
1468
1246
2813
1150
3041
2543
682
1389
776
2436
1964
1071
1875
3055
350
3443
1858
2438
236
3608
670
2996
1406
744
1626
657
3612
2593
666
3745
3458
3981
2610
952
2144
3844
2625
190
1869
2539
3861
827
1725
1359
1067
496
1868
2234
657
2904
904
2380
3857
3176
985
2639
255
2863
593
2611
803
2761
3405
3497
1380
1078
2934
3726
2486
2395
1546
1693
513
137
3177
3118
3248
100
2178
1455
2539
2140
859
19
941
969
2019
1691
733
1390
516
2248
684
1366
3886
1499
3331
2115
1059
1395
3637
1145
3231
1784
853
2224
2705
1571
3514
3228
2038
1404
2698
2773
1812
1286
3273
2160
104
3495
3434
224
4042
731
334
1689
3171
4075
2535
832
958
2221
1323
3108
4019
3718
2488
2029
3189
1734
2286
1825
2240
2857
3882
103
3214
2509
1250
770
1395
3580
2209
873
882
79
836
1134
2267
197
3775
2875
662
3325
3240
1640
517
1824
4016
2295
731
1313
4085
2494
4091
2165
3454
2028
2694
1708
3217
2669
3665
4070
331
4025
960
2150
2577
3927
282
3452
3710
1234
2864
184
1392
1618
1673
1626
1844
56
1436
1964
3656
3152
1895
1753
468
998
3234
1828
495
1003
2199
379
1373
3439
2634
143
1763
2498
1398
520
2903
3120
335
3593
3526
384
1056
2452
2624
1580
2500
3309
184
1327
351
1585
291
1302
4003
3591
2328
1231
2416
2437
993
913
355
3332
913
1497
1656
2140
3275
3055
661
1487
3250
2085
3899
1400
3568
1001
3451
369
1843
1383
726
2378
4072
2420
3469
2145
2776
492
365
2852
712
950
2082
897
97
1044
1935
1508
2168
704
1155
3352
111
1412
2023
1334
2685
2884
2041
2476
3557
2657
65
1904
337
2100
4024
268
2162
805
1624
3564
2949
3212
63
1339
3943
1541
2142
3757
2630
203
2534
1743
803
2745
1408
255
3958
668
2824
2939
3803
2068
1912
2023
1620
45
512
3600
2431
315
3066
3119
3491
322
3290
1790
3183
2023
896
2879
2669
1569
1860
2123
2380
963
1888
3783
3868
604
2191
959
1119
2643
843
2203
205
685
918
3
2538
2862
3960
2028
1763
3836
3232
431
2824
1163
2380
1607
796
2175
3474
243
1376
394
77
2465
4009
1268
608
552
2722
1155
609
2982
2013
461
3874
1660
583
17
1452
3091
3176
3584
221
457
1025
1494
2332
3941
1095
3664
3323
4002
3321
3437
591
623
4056
2573
2207
796
3227
639
778
1754
791
1292
2574
1179
408
618
1616
1580
2573
3198
1638
2884
19
3099
3631
3965
2814
3786
2242
3617
2125
1422
1040
2051
2057
3307
2351
3199
2153
3404
3022
1464
1770
316
4080
287
4061
2859
590
3291
2313
3362
1141
2336
3933
3355
2920
4029
1378
1563
1551
2875
806
3297
3741
1446
1342
3586
4007
2359
3298
27
2843
410
3461
1905
3251
573
1772
1086
1454
2305
840
1485
1665
1484
3701
318
1778
331
2946
2016
3244
1453
3712
3167
2206
3329
3850
3435
2285
889
156
809
2754
371
396
3533
3577
3354
3915
203
927
2810
3239
152
3890
2217
878
2982
3030
776
1285
3429
1142
3010
4018
452
1289
1519
2696
978
14
1685
1474
1769
1823
792
2976
1181
3964
2526
3114
1510
246
216
2312
1998
3619
1170
2613
2617
2635
3715
1456
2874
1525
375
253
1071
3441
3565
3611
3914
209
2431
444
1322
3298
3176
504
1607
687
2630
1206
2717
3792
780
1182
783
1378
2835
707
313
2589
3489
2752
731
1854
1711
2195
2166
4060
1753
2537
4094
1689
3038
1032
1494
180
1972
860
955
2104
2801
1664
2685
1505
2161
2697
3718
2021
906
3380
3452
3536
1795
3411
415
432
1841
3345
183
113
2653
2652
3405
2756
2688
418
1123
1453
1847
1570
785
1607
2406
2072
2739
927
3270
3177
2457
2139
3695
1156
3192
3862
3044
382
2827
1631
3422
2258
4078
2636
917
4070
1830
1187
166
3661
3902
3786
4034
1461
3668
3907
1458
3624
36
210
2713
1644
2332
2845
1634
4029
2654
1154
3895
2885
1072
1509
3233
740
3364
2487
579
2857
111
3495
599
930
1921
999
3172
3847
2901
1809
3610
1171
3573
3587
1870
2649
1795
2706
2986
1882
98
1242
1935
3828
3420
1030
509
2977
727
2669
3339
3789
1589
3004
1663
835
3468
1082
3257
2065
1923
1132
17
2823
2503
2932
1130
285
2481
186
1955
3168
2003
2635
896
3342
3843
3136
2049
224
523
690
1874
1044
687
3982
3590
2583
1798
2793
1931
2476
625
1793
776
115
1130
1423
2174
1869
3556
971
137
2665
1555
4026
2582
206
801
2550
1098
568
3359
1619
770
4014
335
454
3948
423
2749
3227
2405
2365
1865
2438
727
1935
327
4066
2732
2931
3583
3330
3886
266
3031
1819
986
2265
909
630
3411
4061
596
2688
3913
226
3747
1191
1498
3863
3684
2171
165
2763
1368
7
2963
1906
3530
1060
4079
3684
363
3428
3373
1730
1502
1756
1437
270
361
2352
3430
1419
1008
3372
2432
2572
2023
2126
3684
2197
3146
336
2951
3641
2759
4055
367
1545
2005
1200
625
2294
1505
86
2846
2993
2632
261
249
2392
3812
3096
513
2086
3124
1763
846
1707
2570
823
3091
1941
3964
3326
2933
1261
1157
2049
2925
1437
1417
1362
3156
1871
2991
3893
1553
3289
1131
1599
788
3594
2251
1760
1950
119
2190
531
1037
2074
2052
3073
3360
297
2705
3625
2532
3341
1357
2174
418
185
248
518
729
1466
2344
2977
1396
2730
2335
1121
3503
940
192
2718
1177
829
1502
3936
3198
3250
1795
3094
3144
3618
4012
3943
2597
2225
2740
116
2027
1822
1797
1437
585
3045
568
850
1831
2928
1702
2507
29
1643
2255
3657
1360
2368
3115
1091
1666
529
1981
1988
1480
1124
1555
871
673
2751
824
358
3972
3999
374
3826
190
10
3484
1717
3860
3638
1544
3132
1316
1040
2469
2919
1973
2745
2238
3558
1106
2703
2744
503
4079
1661
1880
2348
324
403
90
2716
1564
1179
420
1911
1033
3709
3143
3501
1329
1547
2244
621
53
724
2771
2137
486
3346
2125
2987
969
886
1669
2133
2652
3242
3237
2889
3300
2023
2416
994
579
3617
3021
1019
3790
666
2114
221
2113
3460
3722
1159
3102
2954
3826
3568
368
2872
2536
516
548
1203
3110
3697
742
615
1819
2139
1003
2979
2616
1710
2401
1713
1595
3418
749
2545
1510
3881
2664
3044
4052
3176
2530
1979
684
1634
733
2159
1191
1911
3287
472
654
587
2301
1710
3852
3974
2918
584
2904
2400
3200
138
3124
1129
2895
2890
2243
2779
1304
1572
2993
3220
2570
656
3143
2485
1012
570
3369
435
3021
1834
1690
957
339
3420
1740
2775
2819
1376
3931
3941
1304
1015
344
850
2581
1690
3160
2690
2418
162
590
1505
1484
258
2831
1879
2362
3029
1069
3089
3176
1158
2250
3225
2079
3216
3188
1651
400
678
480
455
2137
1294
1770
1731
8
1866
3438
829
845
313
440
2020
4002
1305
2436
3994
3337
1048
3629
3895
3010
2463
1205
3431
1206
13
875
3819
2853
369
360
654
888
1344
424
181
917
1848
3687
2540
420
448
2485
1408
1148
1911
1938
1473
3652
2145
2303
3917
1861
2670
686
3548
3158
4093
2335
1640
2318
2046
1921
2010
997
2847
2497
3765
3673
2526
3521
4034
934
1175
1995
2271
1596
1825
3514
4081
3254
3313
2220
2687
3382
1333
1894
3912
3615
3612
317
2747
1503
1322
628
10
1563
1659
3631
2479
1131
257
500
3497
3820
632
4074
2319
3821
1186
3511
3984
66
575
2333
4074
2563
2123
1701
1885
1134
2554
3025
3775
567
991
1386
2348
1285
3423
2557
317
3688
3495
1105
2086
1731
747
1809
1204
1749
3432
982
2113
1699
828
1257
3519
3000
1968
3448
2494
964
1183
1544
831
3651
2743
1678
2837
3059
3712
914
674
1519
1296
1713
3570
862
3787
586
1732
3826
2709
1747
194
2056
2502
468
3365
1674
227
2980
3416
874
3575
665
3673
2499
599
3906
1997
3282
2619
4086
2645
1533
157
1456
2335
2152
1205
3816
1357
17
1264
1284
3285
780
1678
4047
2512
3739
2128
1214
1230
1101
1686
1461
2943
1997
2535
651
662
2231
1970
1664
2445
907
1090
2628
70
3039
1766
623
2175
1855
829
3562
207
3475
1318
1321
1678
2921
198
125
3347
2582
3209
3616
1822
1678
2608
1050
374
1167
522
3251
424
860
359
2644
598
751
2183
2515
2605
2557
3383
2334
1199
1639
1184
3773
2714
2544
1310
1956
1021
1282
566
791
504
3510
54
843
4055
3286
773
889
3610
1148
373
3448
1531
1056
669
892
1784
1633
180
3941
123
2903
4016
2129
216
708
3009
293
647
1426
2323
2254
60
3831
529
2915
746
2169
2056
839
846
1061
3504
2104
1005
3774
2017
1655
472
2425
3864
2640
1626
12
2529
186
3935
815
668
585
1059
3170
3384
751
3295
3276
4047
2457
2410
2894
3617
3961
3538
3493
1579
3881
1772
3656
458
891
3897
752
2069
620
422
3036
3343
489
39
1358
3872
3570
2329
3207
59
907
1230
2783
264
691
2359
4008
444
2423
622
3386
2205
321
605
434
392
3943
101
3817
267
3470
2512
900
76
3339
2169
1504
1859
1728
3813
3005
3050
3989
722
4013
1774
747
1147
2502
3913
1136
748
1271
3261
755
1230
1823
1258
2309
1081
771
4029
695
561
179
2107
1773
1383
149
155
1748
2867
3051
473
3895
1628
3524
775
3543
1113
647
3089
3835
777
53
1057
2337
1549
3580
2897
3141
1522
3344
1416
1058
2657
1789
3152
2475
1509
437
3173
3505
2565
2357
101
1804
1196
1051
3247
2296
3273
3631
2406
52
2316
3585
1667
487
1829
2099
3349
2674
2949
3326
3465
1653
2909
734
182
3353
3747
1188
1647
936
3018
1511
388
2041
2523
467
3297
2018
1882
1810
853
3592
3611
3450
2313
3791
3967
960
895
458
2636
1111
3080
3938
3348
1601
1953
2054
1993
2672
1983
2885
2492
314
3365
2008
42
2513
3929
2717
2401
3447
1516
1713
688
3389
4073
1104
2358
3404
1532
2199
1649
2251
445
132
639
526
168
1012
1204
397
2910
4096
3901
1182
1231
4067
994
633
1262
2161
2830
2321
415
224
1664
1759
4037
3869
1398
4079
1574
859
3048
2960
2818
2319
804
4022
2442
1762
3576
3357
3409
3342
2154
2034
694
3
3727
2507
2137
2493
3829
1990
731
489
2272
1484
324
2150
2755
2426
1450
616
31
3266
3059
731
2373
911
1291
3356
1966
2236
2333
2025
60
1974
748
2189
3807
3740
3422
990
29
939
3384
2132
575
3414
2981
2334
260
3642
3278
3343
347
620
328
1710
82
1560
2720
2970
1126
3178
870
2498
2367
1225
2530
874
711
3352
527
1602
2651
2860
2026
547
2864
3993
767
2349
3441
2560
2311
1241
1613
3940
439
2894
3350
2890
2689
1997
3737
3764
2453
822
4017
1250
809
3592
2205
2000
1188
531
1507
3952
1308
1493
3245
3330
2199
1612
3103
2644
504
3211
856
3721
1944
1061
2469
2653
3511
3872
2301
2702
3842
3556
2811
476
3791
3807
3794
16
1642
2053
3339
2590
31
3520
2207
2305
1751
3068
2027
3103
915
1397
3481
1694
467
3705
3388
673
3870
1943
2881
3505
2050
2761
3482
743
2437
1525
1690
534
2008
2059
2793
615
3745
1788
1282
855
1804
3047
579
800
1208
800
2401
2106
584
2374
35
1310
2128
3181
706
3877
1516
1318
1853
955
478
2069
1201
3092
2517
4084
1645
156
1188
1268
1541
211
149
2360
631
30
2851
2967
1276
753
1092
177
707
1843
3215
4055
399
3578
3467
3575
2397
1975
1018
3503
2049
573
2641
316
906
1440
2232
161
1567
3356
585
1148
2851
1307
3641
1987
498
1853
515
3003
38
1994
3521
1504
1025
1775
3338
2646
3492
2340
3601
1366
1781
1870
3415
2540
503
3621
454
1150
1478
536
3752
4048
762
379
303
375
1613
2155
3541
3752
1199
1395
1333
262
758
3214
3241
3983
3972
1654
1119
3912
2787
2708
3045
261
2699
900
3188
3072
985
2612
1502
2185
1071
3653
1427
1295
823
216
2969
3563
1174
1024
2377
2572
2034
3537
1918
382
646
2739
1191
3407
2041
2245
2759
3829
2046
139
157
1537
3431
3512
3421
1724
877
479
3556
750
2784
897
3292
218
665
2250
1679
3513
1388
2359
1277
2989
871
1047
3567
4028
19
835
2134
2031
2477
273
2659
1206
250
1540
1902
1389
1862
3057
2719
1633
990
195
653
2877
1014
2857
852
2105
1776
3574
970
426
1080
3605
828
2467
299
1300
1103
2200
762
692
3233
3958
2211
1477
3493
2615
2500
2217
145
3499
3414
4087
3239
280
724
3267
2421
1292
3297
1277
2933
1745
482
3279
2690
1432
65
3461
2531
3072
974
2439
3588
2868
1757
3959
3703
3883
3755
2698
107
3550
2888
2336
101
1532
2929
3204
274
3977
1917
1589
3913
3081
543
1167
2864
1282
3841
3534
174
1256
923
1983
2608
4078
236
1489
911
3571
3649
2348
4081
1444
422
3048
3999
1794
3234
435
859
2055
2480
2935
3931
2761
3697
1203
3542
940
3673
2263
1198
1414
2823
1926
2980
751
2026
2485
3750
4028
2381
1247
2555
1299
1079
1305
81
1534
3935
1227
3449
1769
3750
2078
3250
641
3216
9
3919
479
2379
3455
2956
2341
415
1994
2111
2499
1111
729
3051
2250
407
490
1177
2300
600
3728
3274
1640
2441
1415
3173
2509
1176
343
29
2772
3209
3919
333
2127
351
146
430
1507
63
1889
3096
3727
3871
3368
349
19
449
3796
168
2279
3120
2743
2117
2893
3541
3142
238
1681
1702
3549
1375
33
142
2208
3049
1436
673
2029
2799
313
570
965
622
2372
3834
3749
2543
2584
2841
2271
895
119
1285
2085
148
2881
173
514
2135
221
2804
925
2666
2220
376
3199
1951
167
3419
3459
4005
1866
3229
234
3598
1096
3819
1622
480
1446
3006
808
1605
3227
2337
3613
1591
198
573
2009
257
4075
1022
1279
62
3945
937
2815
2334
1497
1680
3883
2749
2368
4020
2892
717
2631
2764
819
3615
1168
1899
2827
3933
988
4089
3226
1532
3712
47
2196
759
476
2837
2150
1493
2132
1749
3687
3285
3050
513
3536
3649
1714
63
1297
3962
1618
3012
3730
2561
1632
2274
778
1999
3236
2632
1372
3715
2250
2123
763
3770
1669
1653
2848
1524
3262
1609
819
1986
3433
3050
2684
1811
2909
3275
1003
2793
2517
1181
3449
1478
3611
3046
2415
1466
520
2550
2728
2508
2677
703
1314
2799
2613
1782
534
1092
911
878
2031
2725
2044
1206
956
1304
1025
3285
3983
3696
1478
3727
4001
3450
594
814
1460
1100
1514
375
1253
1476
74
3185
1513
3311
2873
86
267
3068
3950
400
1681
1643
2772
2705
2575
425
3273
1997
3675
2975
4011
1958
2694
1262
3849
3143
144
92
920
495
3507
2953
1884
3153
2757
1826
1547
2829
493
178
131
1397
1398
115
448
1512
671
2419
1772
2136
2355
323
3310
405
3845
434
804
3921
4001
3099
3216
991
2423
42
1142
247
2882
3709
1812
1737
2779
2195
2941
2548
3744
3563
1130
3693
2954
2888
2962
210
1597
3369
2107
2977
1887
717
1948
2482
2012
3490
1375
894
2029
305
1798
1123
2262
3826
568
1487
1751
634
814
3120
445
2922
946
360
2748
1704
874
930
324
1096
2605
224
717
1551
3080
1745
3510
3641
1490
2967
2350
765
2684
634
3747
1337
1537
734
373
980
3561
412
1707
831
218
1021
3984
1346
3585
434
4048
1845
1371
2387
405
2164
1737
1800
2322
232
2878
3761
440
2563
3697
3086
3392
1173
1912
3759
2959
3039
297
3075
657
3770
1526
1700
1725
1818
3174
3439
2008
3485
2844
2738
1090
704
2106
834
799
633
2514
345
2909
4012
3991
424
1794
1902
3944
1800
3440
3051
3201
1006
168
2963
3056
2832
3272
897
1072
3820
1694
2652
4025
1260
3371
2813
3237
129
1950
3399
260
2066
1593
102
2297
3544
3734
3966
2987
500
1588
1319
956
3189
3286
2185
419
1978
2482
2085
443
4040
3968
2525
1712
2553
838
1963
2901
3523
1943
2466
3377
3673
3718
307
3375
1738
2920
1185
2128
697
1707
3866
2249
774
3904
1818
3790
1281
2414
3916
3690
2307
1758
823
2675
531
2565
1592
466
1283
3235
1886
2059
2655
2866
120
1875
1107
2718
3141
361
2743
639
1248
613
1006
2217
1670
3308
2515
78
1888
2121
3309
412
430
488
1164
1084
2158
3834
3144
3311
1931
897
2178
2725
797
129
646
2055
2544
2436
617
1005
2054
2055
3814
1326
3955
544
3479
2165
2813
1283
4067
1290
3106
1635
1777
667
503
3586
1413
1942
794
3401
131
788
1914
876
1067
3101
1524
109
1484
3956
2328
2870
862
2339
1448
3248
1586
1298
1610
359
1386
2897
350
1309
857
1472
2821
2235
505
758
2373
1857
119
57
246
77
199
1971
1193
1262
3346
2777
2990
3903
1586
2638
529
866
2299
3001
3053
2616
115
1514
4055
154
2326
2423
1483
1736
2794
2008
3798
4034
2074
1938
478
772
1015
947
1419
2244
161
505
3065
2680
2868
834
1673
632
651
1822
3966
2152
1228
4
1803
2886
2853
4049
1964
2735
665
1395
1585
217
2796
3999
4
1740
1612
2518
417
1192
2918
2247
2708
2260
657
1678
1281
1067
4070
1738
521
738
765
711
1180
817
3636
1527
3629
2649
1078
4036
2630
2970
1684
743
3651
338
227
2260
1390
1141
2285
622
2120
2777
1379
1097
397
2579
302
3160
949
3247
2006
1404
2887
4053
434
281
1588
459
2989
2654
3264
1006
2367
1896
2822
3299
2103
947
891
1034
834
896
89
3585
2544
2307
37
3052
885
1675
2651
1931
2948
2361
3259
1974
3076
4068
3635
3024
786
3377
2401
1834
2157
455
3322
994
2454
3999
3022
537
1161
863
1095
316
1032
666
1017
1418
1536
630
3549
1196
3220
3189
536
1605
2058
3907
186
216
2703
2103
1709
3136
2921
484
1721
3570
937
9
3018
1609
628
825
1519
2069
2426
509
3090
392
169
3826
3069
1504
1955
957
2195
4034
2526
3151
143
1653
1092
2311
1205
3784
585
3921
3906
1885
2368
161
3960
40
3015
394
1939
1878
3589
2181
2304
1672
1421
279
3630
1623
1546
3568
2833
1420
2722
2947
1508
2472
1558
151
2848
2915
2793
2618
458
2663
360
3213
1617
3480
1038
2445
360
790
1250
3299
3714
1974
1516
3544
3822
915
380
2005
1449
145
3933
3398
65
1788
914
463
3575
1278
3869
1000
1875
2714
3047
2570
4018
2620
1467
3554
1799
3402
2554
702
1183
173
1813
452
3640
1004
3967
1033
2279
1859
1576
3731
337
2503
432
2087
1814
1025
3820
2397
1939
2749
61
3264
1870
2761
3694
3655
368
3375
2779
1707
1607
1386
2933
608
435
1867
696
1760
421
1796
808
2946
1603
3062
1657
1979
1050
1814
206
1368
269
250
1468
2315
247
2599
303
2427
2729
3196
798
1017
3045
3254
2779
3421
1144
3340
2219
3779
380
2761
2689
111
3622
3901
1478
3453
1351
1948
1708
488
2860
2255
1537
2185
1688
2107
1556
1182
231
3812
2564
3003
3193
2047
400
2825
308
161
534
392
3681
88
1330
3219
2711
1586
1388
2133
338
3636
2060
385
1686
3615
1311
1819
2550
131
3398
1577
2209
1134
2015
3701
583
2807
1978
73
1226
3584
736
1265
3564
1125
2726
3905
656
3327
3402
1306
280
2359
535
2012
708
1718
3393
80
2243
160
1125
2902
2910
1992
2133
1099
2979
602
2934
1135
1243
2213
1463
3399
3008
2800
2117
735
2335
1824
1385
492
3284
4066
2972
3689
3579
3112
2024
3421
212
3151
3863
1538
2629
2479
718
3100
3678
2068
2842
848
3245
401
2448
522
1564
135
1913
2032
2580
443
391
3437
3858
2782
550
1364
3850
1553
544
2326
2636
1600
1538
3433
1522
3341
3787
3711
2272
1139
3286
310
1408
3496
3557
505
2857
2460
3603
2067
2320
55
2879
2911
2528
4046
4081
2500
3944
1550
535
1372
3399
2795
187
1440
2088
3815
2277
2219
588
308
559
3342
2671
3203
2140
2457
3776
2285
412
2243
651
2363
52
3103
3777
1083
1683
2289
2875
1554
2843
1793
213
2089
1722
332
3173
357
1204
1837
3430
1716
1508
2353
4071
1370
2129
2374
1891
2568
3394
1764
1181
1440
3451
1699
197
300
880
549
2338
2868
2141
4086
723
888
176
3695
1980
3429
617
3270
98
3164
1338
1298
1416
1297
2043
2755
1777
2907
4064
1977
933
489
1233
2400
1081
2798
196
2012
2518
1343
375
2508
3914
271
867
2494
2568
1446
504
2071
3626
3976
3049
2932
2920
1360
1938
1604
2925
2222
1472
3361
1118
3094
3507
445
2615
1208
1242
635
1057
2608
2685
870
678
3068
624
1016
1512
2640
3666
3817
1239
3009
3082
1443
299
1441
2978
339
3162
3997
720
1139
3056
3793
1161
2248
237
1313
902
1413
1342
921
70
1557
164
559
3042
68
3003
1144
2635
2571
174
3160
3473
532
1245
3389
3404
3005
1939
1411
49
3274
934
170
3672
1559
2408
607
1253
3999
432
812
496
579
3977
2651
727
135
2522
4080
2457
557
2
5
2475
480
2821
1328
2866
3299
2191
1578
1295
380
2280
3410
1353
2786
3300
3055
3623
4001
3852
2099
913
623
2072
1970
2605
712
3743
1305
2565
2264
4011
2378
2025
1542
2491
503
1647
3341
3630
2162
2693
1905
304
3069
3148
1273
1980
1636
3821
210
3372
1087
3946
424
2863
1190
1788
3839
2429
666
35
1905
1089
46
60
1266
1466
238
124
486
175
267
3781
2199
1680
2771
4061
3511
1083
1370
3064
2553
3235
1392
277
1872
1088
535
581
3061
926
732
526
1463
704
3274
3074
2455
3441
3034
2336
2741
2602
3927
254
2158
1231
2215
2448
3337
1987
1929
421
1081
1519
1718
2780
1603
4053
2580
2849
1423
3162
2469
3366
2049
2115
1045
3245
252
1989
1528
109
2398
3085
3411
64
3590
3125
701
1442
218
3477
4022
1182
3324
2066
2560
493
667
1957
3749
2162
435
1724
2110
1429
741
3735
241
960
1476
708
469
3265
3377
4027
3680
3530
933
974
3800
2308
4014
4018
3794
664
997
3580
3704
3856
1234
3050
2768
3895
980
3994
3659
1666
23
1990
4048
1917
19
409
2559
668
1938
620
2705
3535
3555
741
1627
4023
3635
2127
3088
567
1852
666
428
3166
1336
275
2475
3172
311
1446
436
2009
3719
2329
1028
2548
3338
2515
721
2443
2919
279
2853
3392
2747
235
966
399
1842
751
3791
2682
1188
3909
157
3163
1146
4047
1009
3480
3017
183
3394
2760
1729
62
473
2869
3979
1667
576
3806
2351
3944
1982
1074
11
386
2283
2563
3863
1876
668
1800
1101
2413
663
2430
1086
3854
4076
152
191
2074
3879
3182
1163
2524
1824
3531
1753
2878
2439
586
667
2225
1070
2341
195
1311
1110
3255
2517
1315
947
73
766
2322
1085
363
1474
3708
4005
1480
2183
1298
3349
3502
3177
3046
2378
3145
2124
3768
1633
114
639
1229
3590
3597
1592
3570
3968
2816
1207
5
3438
179
1088
2355
1110
1043
3504
1748
2236
1026
3691
696
2946
1260
1874
3128
583
3159
374
1125
2005
3768
3255
1455
3134
2116
3300
313
3340
1048
3347
1812
110
979
465
1230
2232
478
3366
3472
723
2159
3377
466
1275
2800
2806
3470
3637
285
2852
4004
1670
1073
3736
172
3993
1027
1174
2391
2335
2926
3573
770
2402
2890
1447
2932
2107
941
27
3975
1395
3422
107
3815
2675
2782
836
4037
1497
2006
3435
2842
3873
4007
842
951
2786
2457
3807
1
1282
3946
3536
2279
871
1284
2508
1532
1282
717
3740
1965
352
4066
2072
697
3070
3131
572
3977
2078
452
2027
2418
3769
2084
3437
2865
1374
3861
1255
1530
2985
3112
205
1379
1587
2878
189
306
992
497
3999
754
3125
2113
1322
890
1103
2056
390
1067
673
554
3109
2732
619
2874
3220
4039
2335
1350
1895
1265
3445
2453
2794
2667
2635
524
348
639
449
1160
1757
1186
3900
1570
3921
3000
2164
1296
1140
2460
3305
2191
1023
1881
2768
2382
1030
723
3503
488
1562
677
2114
370
1543
3275
1023
187
1945
906
2346
1082
749
3466
3652
194
3604
1234
3572
3660
1316
2989
3787
3348
1993
3702
1760
2215
39
855
2214
2908
537
670
3623
2656
1269
1706
600
1361
726
2711
2738
3928
917
2530
3628
2577
2030
2407
4000
3193
2908
2130
3557
3657
3588
1554
1004
2441
308
2358
596
174
3879
958
2762
1940
2028
2121
561
1695
3616
1513
2642
2411
447
2187
1494
58
1604
915
852
3303
2113
877
1789
3724
1398
2079
2443
1795
2017
443
563
2946
1559
416
1216
213
140
1758
3061
747
3597
3622
1392
958
927
25
1006
2425
2850
1077
2317
2365
2976
2279
1200
430
889
1412
1257
1243
3790
2015
3737
3984
3570
327
1409
3241
1521
3942
2889
854
2164
499
3956
220
2388
3397
97
3974
1617
1229
3087
2655
3551
880
645
251
2577
1808
603
1206
1229
3589
1386
2849
3167
225
3578
3618
298
2030
3905
3644
1905
1403
1977
2257
2077
1449
944
539
2677
1438
402
3242
2144
1470
101
3067
1450
3460
3777
3971
4058
901
1414
1046
2219
2387
2133
2469
204
3194
2025
792
2776
1963
295
543
2343
3958
2062
3972
3637
428
975
299
164
1258
1920
1021
1365
280
991
3747
539
3685
3242
3028
540
3036
3155
2554
2948
2016
3050
1043
2675
449
2634
2959
3278
3528
2593
3194
3095
618
2321
2416
1053
3038
2446
2146
3396
1924
3321
3450
3553
1296
202
3312
2995
2514
2800
3690
335
2872
3866
3395
1291
370
2422
2715
1551
2450
198
447
3926
2327
4022
2950
1524
4038
3826
1623
1297
1450
1882
2405
275
3133
2512
3053
3787
2118
3035
1973
1736
3827
3622
20
1159
3906
4018
2131
2153
258
1544
1403
1790
289
515
3037
957
3393
2616
1903
2233
849
76
145
2471
993
2099
2688
3070
2488
3049
1218
2245
3755
150
1893
3489
177
1048
3851
3996
2833
3935
333
1383
915
2592
3442
911
162
3212
131
2566
2144
506
2247
1725
3542
3017
611
3568
2522
2723
1031
219
1389
1171
1585
2286
331
4000
1835
447
120
2874
218
1010
1520
959
253
3897
2309
1305
647
2364
2847
2437
1580
2603
2030
2308
3728
2088
2405
3735
2044
3469
3584
1718
475
120
879
3092
2060
1910
2948
3678
3761
4033
2860
3293
3280
624
703
1804
2616
3338
1074
1994
2852
1982
3180
3207
1536
1467
1550
3386
1028
1297
1328
3082
2883
3846
2829
2811
2580
3964
2842
2470
1189
225
2551
521
3766
3806
2906
3603
2265
169
781
1056
148
565
1657
395
703
2303
3250
1127
1051
3947
538
1083
669
28
2892
290
3368
980
3291
720
2795
2469
877
3100
1923
2423
2721
630
462
2940
2111
1706
789
355
1610
3103
3762
162
913
2255
1822
385
3803
1975
2104
2597
3282
3414
3352
136
1746
3933
3423
2420
3670
949
2377
3641
280
2140
886
502
1255
248
2159
3976
634
1049
1421
1240
129
1212
1275
2097
3916
2806
794
1405
3737
