907
2008
1464
1573
926
1942
665
312
396
799
1472
1797
1238
140
825
502
1783
1515
1185
611
780
955
861
1240
746
80
1702
1161
1584
1
698
747
1838
1816
959
829
228
1309
788
1585
1471
1477
699
1878
1393
1213
1717
582
440
1745
1008
1094
1004
1316
1777
890
979
1730
296
1918
672
789
347
560
892
295
736
331
1473
128
1475
1955
860
1626
84
333
645
1429
466
21
1738
1114
124
153
1672
169
215
104
1630
1137
840
249
1343
1051
1711
922
1337
824
1271
1843
1998
193
408
577
1878
1563
305
1036
827
22
100
1074
1996
1727
1291
372
271
117
1648
867
1306
427
448
1906
1488
1144
1239
1930
921
576
418
556
1083
1500
1419
576
3
1009
1618
992
188
429
1070
606
1953
985
818
1416
1364
1857
1433
1951
85
1037
446
1715
1757
1033
2027
1885
1276
830
1232
1135
613
1529
1117
1573
298
1972
838
528
1557
1417
1626
899
1056
1580
447
1278
656
1893
1443
1792
686
435
889
1377
2031
2044
1776
1250
1614
763
1476
1373
1899
794
1232
726
1120
1270
1719
414
549
1994
481
1300
1145
691
1767
1351
886
1354
468
744
672
627
628
518
919
847
1797
1864
1482
1105
397
1752
1042
1380
1733
26
821
1507
647
217
83
1460
1029
1519
123
474
543
1377
1005
485
1721
301
89
936
527
1508
1730
1475
1074
280
774
674
1914
1888
416
1166
726
1907
1855
608
1155
1071
1644
819
673
482
340
1
598
1546
1004
157
1766
2019
1594
759
1064
1947
1121
410
42
1108
70
1657
1452
1636
1263
1480
1181
1566
25
1794
256
229
2013
1794
34
1134
1017
864
1845
1898
521
1889
665
1759
69
421
349
395
418
1169
1694
1961
288
1070
761
624
365
1169
899
1995
1004
507
1528
1108
1581
782
214
1037
835
132
686
1174
318
203
594
618
1569
1755
484
218
1548
1546
1787
841
1584
1416
1261
1323
1621
778
1722
159
365
826
1323
641
739
310
513
533
1869
1918
663
869
1282
942
1228
1210
1329
1989
127
395
1908
2033
1251
1979
881
544
247
1614
1325
1139
1692
259
635
230
1539
1664
1986
1960
380
1999
65
352
591
1060
1177
1014
445
859
1450
701
754
2007
1071
1828
855
1237
1891
1645
569
936
333
266
311
434
564
504
891
1173
173
1759
472
788
210
832
1024
84
698
1079
1625
441
1375
595
1372
970
1462
84
1048
1198
1423
966
1393
1604
544
760
1891
1949
538
1834
1969
487
1185
774
1370
1513
199
153
866
1032
95
1888
1870
2021
201
1744
847
1142
1150
1328
1905
1776
1993
137
1204
455
665
1018
738
376
1392
2017
1118
697
187
558
1880
1779
1962
1321
242
448
1267
691
1915
1461
258
1685
1274
771
1422
1119
1425
553
1283
142
638
1291
1612
765
294
927
2029
1005
2044
1609
1447
232
1390
56
1236
1456
1659
1562
736
1434
446
915
622
919
1377
1752
1544
1751
165
1651
1891
1717
1436
1854
1323
1262
1975
653
790
1179
1086
206
960
1119
840
1034
473
1732
1652
603
82
269
598
1634
789
1747
1917
68
2039
1788
1537
609
1896
974
2034
24
329
1441
1721
970
582
779
843
845
1964
1858
1137
966
1792
1595
373
1255
777
378
1974
475
361
162
994
1159
1317
1899
1814
1881
1479
1837
1673
1748
1170
579
399
467
626
567
130
674
1105
700
1759
1718
349
1273
538
569
643
1623
559
44
1867
851
1076
877
1971
149
1887
1290
399
850
226
1469
1927
1192
296
1849
750
754
1138
915
1330
275
1882
1785
448
850
1982
426
395
1204
1689
1684
468
1902
1849
1918
1788
224
507
931
657
81
466
252
1184
1919
1304
2045
990
1947
1580
339
960
410
1066
1673
202
1763
1222
323
207
261
44
1119
1614
1946
1835
671
1304
450
1528
171
378
1227
1200
1567
470
671
1507
1158
1760
838
502
14
1989
1602
558
329
55
1409
751
1812
1977
1317
761
71
1585
203
1399
361
752
1375
2002
85
1412
1492
745
1682
996
578
603
1227
1118
1621
1381
897
1826
588
96
1390
1146
711
32
1014
1574
934
243
306
411
678
432
279
747
1447
1053
1430
1743
158
1724
1382
798
2042
1682
1089
1156
1905
193
219
2041
922
428
384
1866
1999
1430
838
1657
1300
1766
1438
1343
1054
209
1883
904
1594
1203
1963
195
1159
800
615
702
21
306
941
1840
305
953
592
703
426
585
436
455
2015
1355
632
1685
1809
646
1029
1600
1517
1981
795
1460
1462
428
1769
1111
1023
1301
867
833
2039
72
553
939
1028
1136
1899
1579
1140
590
1643
296
1954
545
1602
1529
1171
1583
557
438
2033
1814
1094
653
1073
1443
1350
1057
1090
562
1466
1863
1818
1077
1530
1673
1910
2009
1043
1414
1554
1803
255
839
2021
77
1427
542
2
1267
1158
1273
591
1317
792
456
2
1220
380
1967
699
1904
519
443
1125
708
79
147
2035
1571
1005
251
1156
148
1404
1460
604
1076
778
1033
779
1857
1168
1974
711
662
283
709
823
1139
108
1868
388
892
1771
840
1667
1064
1121
1592
665
51
265
1436
132
918
54
1989
1664
299
1531
1360
1105
1015
1170
1635
976
1555
235
1646
1687
1271
1127
1627
224
703
1140
384
143
1583
760
1448
12
1947
1692
72
1185
1532
553
1732
1356
173
1443
427
1426
2048
1347
1825
1819
1866
1899
1101
1686
353
1088
879
1166
689
1484
374
670
1019
42
1180
1249
1013
1830
300
1995
600
1169
1891
1603
1647
341
339
1199
506
753
764
1867
2030
1046
60
1560
1710
135
1689
1489
900
617
1964
1148
14
789
224
1715
1879
745
1711
1289
1078
443
1573
1856
1918
1374
1620
198
1477
1258
1967
26
1993
1807
700
1678
1326
928
801
1873
1116
936
1491
1812
1323
1878
1022
1728
1364
855
1505
147
1331
136
447
1237
1328
14
294
1173
1992
490
193
1964
1087
464
1775
381
36
220
1744
1987
1449
1147
200
1946
1600
1463
949
828
1470
921
482
63
731
1571
282
1717
7
217
115
1705
345
1456
740
1191
19
856
236
419
1805
905
190
756
188
1594
1940
67
177
782
1777
1711
1180
270
20
2002
758
1997
440
1949
578
287
1356
1609
1741
1467
1183
798
1972
1707
1033
1637
1638
290
1569
1015
776
624
924
1422
965
74
1520
947
749
1746
1717
250
233
1348
780
773
938
950
918
1315
390
1867
532
826
1349
975
1944
818
493
742
1322
150
1682
1156
1566
1695
765
1363
744
497
1884
1010
187
2023
1837
1738
1514
1293
1806
2036
143
1764
1964
659
1910
260
171
862
762
1981
1462
160
1941
1613
79
944
826
308
15
1229
1254
354
18
818
1805
10
995
658
505
1987
742
114
940
1488
1754
23
1728
242
1764
767
453
117
1181
1325
283
1321
1507
604
1629
1900
88
341
437
791
1269
282
988
1666
160
300
1653
1372
1907
1016
94
1887
765
822
1608
313
334
401
1596
1835
1086
1025
332
1302
1951
14
191
931
1282
401
1972
1030
1615
1240
1796
1687
747
1101
985
1747
635
154
1905
1545
355
815
1337
1433
715
1558
6
937
1010
807
1203
6
681
1567
734
1030
1646
1406
1311
1960
1597
1992
650
1228
1207
966
787
1838
1238
1318
640
292
584
156
1192
784
521
908
482
1154
376
176
282
488
405
1033
671
969
835
740
1286
1200
607
736
85
184
188
1686
88
1878
1953
1748
28
1757
582
1445
140
588
1332
605
761
1199
1771
423
1305
1478
1139
1213
822
1331
228
537
875
2022
629
1514
92
872
1904
437
801
1724
785
621
1883
1135
1357
1957
125
1819
271
275
967
1112
922
839
1409
323
1308
1471
1386
360
1127
13
456
438
1607
1729
1088
68
1857
272
1587
1255
502
1890
543
494
300
1341
805
1520
1233
462
1371
966
1861
963
771
1037
1881
179
160
1169
998
26
1378
640
1937
849
361
60
1831
976
1678
1757
265
1348
1279
1328
484
555
1829
1996
193
467
917
1465
36
662
52
1996
1828
1371
329
891
1352
974
1462
647
1507
863
1978
1181
1315
1429
1294
1424
1259
516
1680
276
1774
950
1776
1164
352
320
660
661
1680
1219
1872
184
447
1818
1408
487
546
1908
864
1451
310
208
255
201
1730
264
1459
109
414
542
1164
1420
559
16
2015
566
69
1804
258
887
1974
1529
1569
1920
529
1592
506
1439
1077
64
1796
799
1450
128
1688
812
1884
1203
1580
1097
36
764
891
1158
1668
1032
1805
157
418
1949
1419
123
1954
474
1516
17
898
1300
442
549
240
292
1935
891
1261
1296
1410
1288
1310
779
1573
1596
1391
1138
888
160
1646
1465
1668
580
1906
812
1331
541
1367
1639
701
1118
447
1443
1720
1447
896
1786
541
941
157
1327
730
1049
1733
1402
413
674
213
1141
42
763
1228
1935
1293
755
629
643
194
26
1297
528
711
1829
1694
1818
1566
433
566
332
1607
896
1943
179
871
1386
302
377
246
953
1906
1540
2006
318
261
1910
1496
1588
1147
573
142
826
1583
408
857
1286
1719
2043
246
1802
1253
250
1383
1596
417
442
835
1607
1813
1028
2012
609
1371
872
1268
1404
605
962
805
701
1954
1151
1919
1151
437
1315
34
422
312
132
1084
282
1143
991
840
1265
145
706
1191
1457
975
547
1626
241
1386
81
1228
378
1517
683
1466
1488
781
1110
632
1235
1502
614
598
600
527
148
391
335
433
1436
1034
796
1236
1985
1104
751
889
679
969
1657
1323
1527
54
1410
553
678
1852
874
1190
1994
1345
1320
1333
465
526
868
1078
1305
1134
1840
809
1821
258
1276
642
1929
1030
1930
1972
485
133
1800
360
572
1306
1238
1983
202
635
804
1476
537
611
1075
1293
1478
419
195
1602
1445
1378
1170
1873
402
25
875
1557
676
1605
1473
1612
1868
443
1351
407
627
542
670
402
2024
1501
1116
1761
1696
1751
599
1219
1077
550
1237
1329
96
613
892
1513
835
1466
673
1882
1724
349
834
1455
673
348
941
1807
1292
1896
337
847
563
1387
1280
1873
1869
179
1725
1961
1355
1368
891
907
1862
558
1725
1923
193
1634
567
640
1953
1913
1055
1877
1479
1305
1146
167
1432
1589
2003
550
1876
1289
1127
2035
1479
900
723
1930
1859
1818
1418
1211
2046
1060
1923
1922
886
1345
187
79
1641
898
678
1857
1889
705
1821
1463
14
1948
58
985
693
1397
1419
940
38
2031
822
107
864
856
1517
1214
1768
78
166
1310
1603
949
1332
846
1700
1364
1320
710
519
862
197
104
967
1740
1791
1745
995
21
998
753
300
664
1608
1453
1870
1169
1838
368
1569
1513
635
695
821
2044
1774
187
1567
382
1148
726
1079
1961
1933
861
1812
566
868
1573
987
113
1582
695
577
245
945
598
1521
560
648
1128
1281
619
312
443
1084
1788
461
2011
1778
283
1791
640
1717
988
682
1375
1546
1827
1870
1263
544
644
939
1748
1337
1407
1364
1451
1750
884
1685
1682
1796
73
950
1927
1054
1228
851
1301
1810
1685
2003
227
518
2020
1639
1232
1394
1844
1161
1832
2044
2010
639
1707
370
1220
476
655
1947
1241
486
2012
1861
1085
1069
384
1972
1915
1373
998
1307
932
1648
1966
196
1742
318
1586
771
885
998
1393
1595
455
1433
1060
1151
1585
594
655
2046
1260
562
1190
277
437
1879
1455
734
920
94
1318
856
837
595
876
211
1713
1408
1247
362
1619
838
1388
519
1014
1929
1876
803
48
1298
17
272
1363
161
1642
1804
1999
1898
905
1951
834
795
1649
1799
69
1728
1530
1309
1877
1460
942
2044
1218
1053
1220
1188
1021
2033
983
524
1846
1536
1599
1143
702
1001
1055
228
1569
644
1689
997
890
176
1371
978
1507
475
758
1471
413
1298
343
305
1719
1458
1884
245
450
1985
1179
1428
1850
576
1047
1834
1170
1872
903
1936
415
1359
1158
134
1335
1188
294
1396
453
1181
496
1469
649
558
1696
1755
591
54
64
1342
171
1230
529
877
9
1098
1481
796
1228
673
1055
381
846
1488
1351
1002
1902
1826
482
1716
9
783
655
1660
2009
1478
1427
1317
1621
1512
1549
921
1886
80
402
734
1106
1280
173
652
659
865
1011
1861
910
152
1487
1419
259
1623
751
768
1101
866
978
6
754
946
371
1787
2012
21
1120
1274
1850
452
689
629
661
582
1327
358
344
977
429
788
114
644
1423
29
1403
251
423
1127
104
1129
375
1018
1223
419
475
401
1998
584
183
518
981
67
862
1123
974
188
1870
1726
1900
1228
1133
1288
957
1939
145
140
1632
1870
499
685
2021
1415
576
1196
1275
1689
1022
1579
445
1083
1826
1627
447
514
859
455
807
1059
1864
203
1630
1825
1530
22
435
1213
590
1562
985
1056
1659
1706
1209
50
986
340
153
1405
794
925
1148
1146
1360
1308
1302
386
1899
978
3
1293
1221
1903
683
446
558
1623
748
1912
1385
744
473
1232
712
103
402
223
72
638
1777
322
593
885
1675
929
316
1687
1424
226
963
1968
173
1020
1167
1894
1393
394
435
2047
634
667
1994
396
835
948
1838
1772
641
1047
1801
801
956
1565
322
1456
1239
1401
108
911
1975
1678
907
502
672
1677
1536
1274
701
2008
1068
1031
679
1127
339
921
630
1955
786
1731
1903
2036
85
442
9
1513
1477
1698
1794
1401
1933
412
1334
1069
4
295
2002
1867
1677
689
666
877
1970
202
1690
151
1575
1140
988
1598
1192
1339
1788
89
119
109
1869
1133
1268
1499
1084
1539
35
1967
715
264
941
2042
608
1688
1750
245
1236
1333
450
685
2018
1471
341
1374
191
1212
1898
1917
1579
1656
336
1296
1954
2015
689
237
574
212
1463
1062
1319
418
1764
1435
1580
1853
1621
765
1338
261
1366
1402
1045
739
358
2030
1699
457
483
676
213
1267
2012
422
1816
872
1660
923
1045
1996
116
1393
764
1702
658
1503
1723
1107
383
953
166
839
1842
718
357
377
1387
1329
863
1100
134
937
1823
1981
638
782
1075
1760
377
522
187
1792
1379
1859
1640
18
1900
207
367
1295
1652
1452
1728
25
1471
1053
42
1970
101
1214
674
1227
1074
1893
1067
1433
421
1259
92
1583
493
830
1405
656
1042
1164
575
1144
164
1298
1649
700
1846
45
622
1185
1990
130
1432
1957
684
1776
464
1711
516
617
1404
1768
9
938
14
1306
193
928
1716
351
326
871
1791
914
1864
1840
937
1351
1586
1956
628
859
1023
1221
1462
2003
499
189
1383
1173
541
1180
994
623
1738
1782
983
368
1454
1413
1359
1179
1676
1254
1233
183
226
421
816
779
1079
1750
1804
1
1057
1772
783
1516
729
616
1035
1434
1966
564
1870
463
1959
2
1900
549
1125
1001
1970
43
1188
772
1659
99
1633
774
738
407
634
1801
253
1628
1991
866
704
1947
425
1998
872
442
1045
707
475
870
1394
1897
1528
568
1793
355
1641
359
1648
768
1626
1321
360
1272
88
375
1657
148
1717
1208
1269
1699
255
1479
1556
576
1817
266
1256
620
351
1691
2015
1332
1536
408
1556
699
1699
420
421
1549
786
1920
432
674
599
1774
1092
661
1023
1442
63
1351
1046
1505
1733
1379
96
904
1571
1756
2028
1202
936
1883
1693
1345
1598
1524
403
1531
1018
48
1601
1577
1883
1905
86
736
1597
1073
864
1949
483
1492
453
1858
452
2019
1465
2020
1872
243
658
872
954
1870
679
1876
2013
1556
1238
1491
1066
1704
598
313
1722
1565
954
1450
1291
982
1397
983
1169
1365
1209
1677
70
877
981
778
1402
639
1401
442
910
1937
170
849
1971
1773
1435
1558
1825
1592
991
1199
745
32
1260
1363
1953
1031
1224
1917
1695
1067
1885
1685
818
1679
564
506
744
1184
448
1238
904
926
766
1225
1482
424
782
668
58
1354
751
421
821
1069
1552
1280
946
1308
291
153
1866
547
588
1523
402
1553
323
835
1668
1496
1834
1067
662
552
1812
523
1564
868
345
1140
1278
1809
1295
1576
1797
444
1882
279
979
1337
540
1316
943
1437
745
1022
1990
1678
677
1052
1657
888
887
943
740
832
1672
1911
1019
637
321
221
693
171
1844
557
705
1901
48
908
1101
399
764
792
770
352
1153
830
1428
599
1837
1791
864
1085
1090
58
750
151
475
1284
1266
738
168
1979
404
645
1384
442
845
1360
606
1148
248
1144
744
1712
165
1962
876
1394
651
152
480
609
98
654
1601
228
1469
1585
1139
1627
16
1382
1126
761
1443
1634
1479
1844
1930
848
1646
1442
157
1764
603
1967
2004
1969
1847
72
1223
251
850
399
1300
789
1613
1381
1435
17
1050
337
350
1334
2047
261
1008
182
421
1982
1479
1950
273
806
276
2017
1075
40
1235
236
12
1646
396
547
513
112
218
1637
929
1220
1624
1792
667
1113
1226
1077
876
1428
950
759
418
1313
1264
534
518
1221
429
382
2012
690
1636
1549
1599
1406
1906
1163
56
560
1669
1107
595
1620
1205
540
252
1895
885
319
737
1660
30
157
1508
324
88
1107
402
1200
493
2034
1210
1717
1021
375
1217
1046
11
1211
1256
159
253
148
280
661
292
1423
1671
1885
451
338
1566
1266
835
1949
1645
821
708
64
670
250
517
627
1258
1733
882
883
1518
1289
603
1995
820
818
1471
983
923
1761
1936
1644
1718
685
131
1348
1927
1324
1038
750
1739
378
1974
1629
1139
103
2005
1534
94
1030
1871
345
1570
343
1273
2031
1723
760
1042
252
491
238
1163
96
1211
657
1615
961
1760
931
97
596
650
1191
1010
618
1963
15
576
1137
970
1293
348
796
1929
1400
805
1183
27
24
461
317
1656
1579
1453
1541
8
230
1895
1536
768
583
242
1327
501
528
2026
1259
1032
44
447
1851
1207
35
490
624
20
668
1130
620
1437
1596
849
833
14
851
1831
396
980
1809
198
1416
946
150
1112
1395
92
562
1600
1428
1055
1609
833
1162
1806
1808
890
1817
1544
1408
538
1528
580
1143
1613
650
1878
592
800
1563
1769
1246
171
1020
812
1930
1743
1343
889
1897
1612
974
1474
1578
2035
111
727
1761
1693
1113
1740
1055
1531
1142
666
1823
991
1575
731
1585
1423
981
98
190
926
1043
1737
478
1175
1376
887
43
1867
1814
268
1
189
601
1156
1440
920
1482
1561
1255
994
1693
501
847
1887
1269
711
1615
1591
1694
871
37
1238
550
851
1919
323
290
231
446
261
1449
458
1753
2008
1335
1760
1084
1479
1200
1095
449
1539
731
711
1373
495
1556
171
1351
1551
8
1236
1797
973
1751
50
2006
1767
548
1415
675
910
878
395
1066
1389
1582
906
1228
1532
1398
626
2027
1331
96
383
880
272
296
1308
1652
838
35
1682
625
1597
769
1078
1905
1850
1508
244
172
1884
750
148
1580
898
1939
423
581
886
667
106
1103
409
1432
497
901
515
426
355
1504
1548
895
1145
1065
1615
1291
1025
201
1025
774
24
305
283
1934
451
1381
1078
1992
133
687
70
1841
241
1343
338
1051
1104
1654
158
1090
437
605
1720
1423
721
1177
521
1644
1729
403
755
1542
710
1375
912
670
1219
1653
885
1009
598
200
256
921
1646
1153
684
1405
570
63
1696
657
321
1297
1729
1988
948
1377
1363
410
538
1828
828
48
1535
1937
1654
516
660
497
1675
822
1686
359
888
249
1668
680
653
575
550
1254
168
352
596
1135
571
1528
1253
2033
1561
268
815
769
1847
901
830
0
1753
1729
890
802
307
630
1135
710
1784
913
1536
1290
1335
23
274
315
1627
184
202
1931
1793
1460
137
383
1836
437
1753
133
1851
1770
1222
1520
634
571
1827
1925
841
1979
767
713
564
763
945
1258
1370
7
1444
1159
118
1093
1598
1657
1166
1504
1395
772
164
448
84
554
1014
619
1119
595
1354
285
1133
861
601
853
1924
1314
1728
1383
180
286
1127
1855
1023
1702
1817
1639
1343
1675
346
1883
60
1203
101
815
611
58
2048
1627
2027
1008
106
1964
904
902
1815
1815
1601
585
130
320
1726
1735
116
1340
1090
69
1656
275
1346
817
467
1576
629
320
1038
689
8
1773
295
389
1418
81
104
1639
414
1035
978
25
646
1673
1521
1715
365
1386
2037
1511
966
1473
1553
694
85
115
1868
557
367
1813
1891
84
143
2006
718
1750
1588
627
1958
320
1826
1470
1996
249
1437
1564
258
617
1550
1731
1803
1236
879
1559
912
531
968
1618
128
1269
365
1593
711
1461
1806
542
1751
488
922
1458
1624
773
1691
312
1597
1445
1572
407
939
251
1395
939
1102
1631
592
795
1720
1515
1437
1039
1050
1893
1221
1646
1289
1028
1245
1863
1578
972
1312
1994
20
1033
1136
1435
1269
134
1951
768
1988
993
1334
561
942
961
1811
552
1324
1844
1365
1188
360
1323
1485
1485
1641
494
653
183
417
1442
823
330
1429
1756
156
1062
478
1806
1863
342
533
597
404
1587
842
1301
1243
2004
1839
1798
1540
1485
1583
1042
1349
1780
1786
1726
488
1557
369
1079
1626
1717
1629
943
1803
1836
52
1171
1347
1804
2032
1456
388
1405
1326
787
98
607
1492
18
206
1895
257
1225
1700
1888
846
312
539
674
1696
122
1512
44
9
901
258
1977
790
864
2041
919
504
759
988
325
321
1606
100
584
218
1949
35
1094
599
945
189
263
1180
1037
1668
49
1527
962
643
490
99
535
905
1317
161
739
163
567
390
446
92
1013
578
744
1112
82
135
981
796
31
1327
1400
462
1258
1592
1033
265
995
1565
1460
1560
1028
1665
86
1862
695
891
425
1789
2006
1464
1236
599
842
1611
1716
1888
285
480
1281
1630
1656
1198
377
707
1714
1135
10
738
1509
1340
715
521
1792
76
944
479
1187
360
685
785
685
948
636
726
544
619
1215
2045
1739
1901
1514
1217
1958
1242
1771
1231
122
157
1066
515
35
1876
331
1375
758
1522
1376
286
129
1556
644
1765
633
1868
1347
1566
1820
33
658
316
1647
1434
1106
472
1111
938
1313
1535
1858
1128
934
653
430
1201
1433
1477
1866
97
181
1053
1958
1669
1922
1871
1509
1504
1928
382
90
1002
1732
1849
990
1472
130
375
188
479
526
379
1595
1311
835
1708
137
846
2013
60
1374
1447
1709
1678
900
84
1198
1712
1178
231
455
741
881
576
1062
1809
986
1510
765
1344
825
1309
1565
1019
935
1881
931
1275
1673
334
1276
1744
1575
265
1732
622
1984
519
1149
827
799
791
891
900
1523
1326
1814
1731
207
1709
266
760
503
1458
782
725
413
488
354
966
471
1194
143
1103
2048
1774
768
1784
282
1615
463
685
613
160
359
454
1485
1086
1492
1103
108
1354
721
1908
765
49
409
180
1189
1747
1933
1647
626
1879
178
906
2004
364
137
306
1008
1096
75
275
1665
142
1021
1746
1500
1112
1274
1741
1154
1513
1915
1032
585
1262
1787
465
924
680
1934
1452
1393
822
803
1057
72
701
1694
1925
1607
1803
1898
568
1240
127
1877
523
4
926
1537
749
1919
249
1125
344
71
218
1741
515
1909
1525
1628
1170
1753
213
847
657
655
60
1646
1637
1193
143
730
548
917
1131
384
962
1333
170
1835
299
1740
1671
1817
1718
1631
70
1789
1101
1351
212
944
734
1914
1772
529
859
53
848
596
1482
385
36
1844
2042
31
1922
1532
1057
1777
871
1649
538
820
964
143
536
969
1340
1501
1376
854
1118
1335
833
53
517
410
424
1629
625
1691
201
2007
1775
730
1709
1871
1736
283
833
1132
1338
1724
1496
1020
1304
327
2014
837
198
719
1360
1119
1889
56
517
200
594
2041
1999
1876
1190
1524
1429
1378
1482
1371
1994
1945
1706
1651
1702
1144
1791
1317
670
1003
1321
990
1241
1071
1519
832
361
1425
211
823
1365
374
1292
772
974
1986
142
1481
109
1887
565
491
1252
1323
236
1196
275
946
271
572
1285
1973
1035
1573
684
918
1989
1442
1783
1816
142
365
839
1372
780
1326
1217
605
700
148
1362
1085
1815
1457
1445
1473
1520
1608
1409
1354
1708
281
675
63
1004
1604
1920
1314
1734
144
1201
1613
1453
701
119
877
947
1454
1901
124
1377
1930
333
127
415
1321
1604
1418
1423
193
495
227
20
215
1298
2035
1041
1718
1746
1456
2013
109
278
1016
1686
689
718
314
1278
509
2027
1132
224
520
119
2046
1300
1888
1849
1964
1145
1583
838
1081
1118
1766
1866
1980
373
309
1921
897
999
501
313
136
1983
565
1604
1283
1489
548
1630
1805
1612
544
1388
1958
1754
1610
1531
563
1911
1834
1043
1000
622
59
976
472
984
1172
662
1005
775
504
1373
1513
791
1500
277
248
1666
1821
92
847
1040
1615
929
1841
1090
866
1307
1939
1832
801
99
878
1950
506
1774
278
203
283
364
257
52
920
1846
633
2008
578
1563
1305
1746
2024
1218
1375
642
1467
1719
624
2024
699
813
604
1364
1612
43
548
131
436
1156
52
680
1699
1006
48
136
796
1029
1835
1359
732
770
286
1966
688
828
725
649
168
2038
162
114
657
351
1234
62
1288
1040
1525
681
1758
400
1091
1085
1924
261
364
52
1222
121
1646
1294
874
854
136
1731
1702
1094
1195
89
1737
2044
1117
1368
620
655
705
1415
1345
1184
1223
1450
410
152
168
1416
596
541
330
743
1818
1964
1588
897
303
654
319
1456
418
675
1278
1942
88
847
1983
221
883
107
1715
1349
2013
545
658
1559
1297
745
1381
1714
867
893
700
657
1265
1995
600
308
449
1469
750
2003
1639
1132
1043
431
1966
1498
1446
1553
1884
1408
1882
1785
1603
613
849
1704
1843
2024
1929
1727
660
1264
453
1437
918
1052
906
341
1052
1407
1505
218
866
1312
1577
1075
274
1415
462
1536
1030
1354
108
1435
12
1101
395
144
652
392
702
454
1384
322
305
751
1912
1544
328
1189
1323
1350
1842
97
1120
294
1632
1350
1176
478
677
108
1265
83
302
1471
1108
6
1624
1149
660
1421
540
715
311
956
1243
1455
1819
1750
166
1070
1695
1499
667
1890
990
900
1023
403
1945
293
627
39
714
1164
760
188
1658
114
59
128
20
1760
1860
363
961
719
668
1423
190
1335
428
339
1640
1618
554
1038
1918
1237
909
1299
18
406
1276
856
795
464
1438
243
1793
65
881
2032
510
1406
1848
117
1540
1278
1478
477
2000
1275
684
726
1121
1206
1395
2005
1701
1999
244
870
602
1821
1666
964
569
1739
470
752
967
423
1378
1403
1886
171
885
52
1137
1370
1827
1688
1618
460
972
1991
759
1686
11
88
844
1360
1394
1448
912
89
1545
1965
1757
406
785
1831
470
530
426
416
80
1923
1340
762
742
777
1415
1489
1662
1758
348
1816
118
750
1859
48
1285
847
1925
234
120
320
1504
1083
566
675
472
1898
641
725
1432
1931
1204
763
770
1861
278
1277
1653
408
205
965
1000
1704
103
371
370
50
781
1585
1633
183
911
1676
874
1935
1985
1795
1428
2020
1357
1687
61
1179
749
867
1912
302
1660
301
966
25
163
359
1195
709
992
836
614
681
1931
674
20
1461
1267
610
1125
1234
1962
819
1833
1824
832
283
829
54
967
2025
1986
724
262
573
312
1695
316
1122
1417
720
429
1740
1066
362
1025
441
754
773
1379
1371
887
694
1970
1587
967
1346
163
1032
1020
1497
870
315
1142
1618
677
1247
814
966
130
890
47
306
1146
123
1714
1310
236
1214
827
1544
1352
812
1516
745
1756
2041
1411
683
1786
542
1557
984
1408
1213
438
925
732
1015
1507
1058
850
1885
1524
1560
646
386
1532
410
1340
1151
1806
649
942
454
694
2024
1648
1973
1086
1554
122
1782
1670
1584
1362
574
1972
1318
1909
1775
1977
1742
747
536
429
1470
166
1701
560
137
186
49
1103
720
334
1680
1340
375
586
815
1738
224
1069
266
1822
1324
1712
1558
1738
1106
1323
461
303
1137
1362
136
1562
1758
1421
24
1919
74
256
746
253
1327
306
1686
289
1213
1417
1085
141
1860
818
42
201
1013
1501
314
1679
1
644
466
1838
799
1684
198
1738
233
781
1885
1080
1624
1391
1320
700
974
2042
909
253
1520
200
1970
1168
629
1068
1125
1201
1764
1192
234
58
1695
2012
752
1653
2009
1599
968
1304
196
1612
251
1649
315
919
1941
1767
128
232
1556
170
96
1425
1751
1755
1716
1843
1283
1608
1526
952
1511
338
938
1539
1104
47
1228
1824
733
200
804
2001
1224
1561
450
1757
87
821
120
1881
942
362
731
440
410
1479
40
768
1659
322
81
1948
808
1056
298
1147
1040
1818
1565
1290
1347
1635
1497
1312
1415
1324
925
1660
113
673
622
296
451
72
1685
34
986
248
1670
881
773
1757
1425
1619
1433
1868
485
1848
1749
1461
330
1772
1163
145
631
702
1981
1146
845
1690
1244
96
1736
666
613
1277
1045
1942
1212
188
1839
996
392
1554
1988
749
120
1523
943
1168
538
126
779
539
1037
92
1008
323
807
1734
1510
1605
1538
1191
1530
499
1902
109
1907
1039
2002
835
215
1866
908
1150
397
739
675
1461
599
123
792
1288
1144
400
867
681
705
808
1173
121
577
739
1903
1388
1225
1410
783
85
303
1306
1395
609
775
1504
536
1023
233
1492
1920
744
431
1600
1023
1763
1871
298
217
1094
1005
1428
562
307
637
2023
606
216
132
437
1875
1054
217
1930
500
1186
648
1154
1488
1964
1313
547
1642
1227
132
221
472
417
1660
1824
2026
1913
471
1925
1636
1062
698
1181
1600
331
1736
1088
27
759
1630
811
865
1861
1001
1835
362
2030
574
1116
1961
739
1350
1969
1634
255
528
71
1470
1280
859
831
1666
556
1141
534
1356
409
1310
326
528
1765
713
1328
2022
62
1709
1252
80
721
885
1672
1964
470
1802
958
1827
1458
1609
1666
467
192
76
1417
1393
811
1589
1874
965
424
1336
1262
839
1447
204
621
152
1151
795
1219
637
479
803
55
204
1256
136
612
1185
1075
1916
980
171
980
355
1764
1645
243
1466
1739
1933
1047
1040
1468
334
39
1232
1549
484
2023
1049
497
1208
1884
1267
297
1231
1550
134
214
781
1388
222
1916
1716
1176
1212
835
579
1335
260
1869
1395
163
9
1393
1250
1616
756
739
84
1632
96
895
2047
1623
1560
1269
111
807
1242
167
1196
878
428
1407
1188
1211
1077
1270
844
1178
1531
360
1357
1404
505
1478
1637
1535
1418
1051
1805
833
1447
611
1208
41
225
715
1970
572
1782
461
1438
330
208
1835
846
446
1813
361
621
1716
1393
659
987
1936
1847
737
1124
210
1209
56
244
601
885
1251
746
1279
250
732
1005
869
695
472
1405
1672
872
1972
1209
1080
1660
593
1502
147
236
1513
1246
584
1618
1237
198
398
2031
551
938
157
1196
2035
70
551
8
260
1516
1110
1552
1061
1174
68
545
2010
1150
1256
0
1987
1412
1131
217
1180
1976
204
771
832
1291
916
1850
1599
1592
841
109
1806
647
87
8
49
1461
1545
1163
98
592
846
1462
377
435
274
1686
1770
561
1067
700
1516
1222
958
594
866
628
1076
334
991
1251
1942
1376
738
859
262
1763
1720
1701
915
1108
781
1112
372
619
1888
1350
623
1863
519
1688
744
1530
245
955
1814
1862
1413
587
1759
949
200
83
735
1790
944
794
416
700
578
1807
1359
448
879
238
835
490
629
1564
1882
591
658
1509
1005
396
1908
312
1957
1915
1283
461
89
1302
1365
1519
1889
1183
1673
2022
1612
1599
1620
1173
1344
1540
1890
689
1152
1677
1203
377
692
512
1433
636
1380
1398
1159
982
957
14
1329
1028
1535
1829
1166
1900
916
1645
1571
1623
1349
508
1097
1335
462
1117
302
992
854
538
1979
1956
724
1788
1776
1111
342
802
1578
1335
1597
1379
1273
1737
1543
206
758
1877
1987
907
406
1284
1978
407
85
835
1649
1359
818
238
378
1011
1112
163
864
803
847
596
1746
1015
744
1643
807
1988
1925
904
1499
619
1623
865
775
1412
343
1121
457
468
653
311
363
1766
963
785
408
1678
619
586
1555
19
289
1386
618
1078
198
1358
499
1449
934
1755
1660
1564
354
1890
1755
310
1245
1135
1512
101
1624
1507
1459
1152
755
523
1373
1757
384
1947
1766
320
202
859
1649
594
983
1579
3
123
742
294
225
504
277
343
279
645
781
643
1671
350
26
974
603
1992
1032
200
670
406
1264
1261
1882
946
723
1925
1793
507
883
328
1266
1511
611
86
766
138
909
1873
1982
1323
1729
1568
1591
1969
849
1019
405
1873
627
1379
1962
1926
1065
744
239
381
1191
942
1904
1143
445
1159
1522
1967
791
460
916
1044
177
1469
14
158
1380
1787
352
171
1876
901
1600
716
883
1836
2029
130
1882
518
1222
1271
72
538
124
1958
124
332
1540
1494
860
379
1517
890
1825
869
596
2036
1666
2017
4
162
1452
512
1998
203
1336
1399
910
1795
795
138
1319
608
1542
1087
1140
1033
1255
169
1849
1524
1097
613
357
2017
1535
343
1698
37
330
276
894
1278
301
573
668
1079
2020
246
843
1255
501
196
204
711
331
1819
418
1091
1778
1420
328
1937
230
2038
393
1362
753
1741
1385
272
2032
1718
942
253
1744
197
2019
1426
1709
1619
675
1108
1480
1270
1851
1092
767
939
1846
1839
1952
418
1888
1799
1678
1245
1180
652
1598
399
145
864
357
241
1672
704
1553
1294
2
1395
1176
633
1294
246
1697
1186
688
971
796
793
557
1846
1192
1912
138
993
1412
2009
484
1318
627
832
951
1290
466
374
147
1338
389
1592
1079
420
719
1408
602
1145
709
1770
112
1900
1565
23
111
617
675
351
1868
1361
379
381
664
19
96
1860
1248
1831
915
1657
777
775
390
801
962
1086
1913
1907
787
684
1568
1510
573
1618
578
22
1128
93
1229
108
698
1785
267
23
726
1303
942
1788
1304
397
237
688
1009
2010
506
1794
344
1744
1123
1144
795
1273
1068
1484
191
233
811
1779
28
1644
674
1080
749
728
245
1772
1198
1685
1814
1146
805
1191
690
1766
1727
458
1816
1444
486
524
1553
868
333
1608
401
445
625
10
1922
943
884
1153
1562
420
292
1930
742
1891
632
746
1659
647
1629
1888
1115
593
672
1584
1434
1251
1198
441
11
60
103
1765
945
1578
2048
826
56
923
1886
540
1709
1609
1277
71
33
1190
2032
1894
326
365
1200
744
1271
608
929
1825
1175
1301
1283
828
156
491
993
674
1830
607
1124
1574
1971
903
545
2000
621
1002
686
428
545
262
912
356
1563
1632
1746
1034
1564
1010
1735
1031
702
2014
1285
1541
360
654
6
509
1130
492
288
1125
1071
1956
1289
497
1427
1907
1281
499
1728
735
754
1477
1960
107
1305
1703
1359
523
1674
1221
331
1247
1056
601
1639
358
698
1948
128
1887
370
1314
1545
650
412
1391
821
1233
43
1706
1591
730
1055
1144
1122
706
875
42
1283
1039
1837
148
602
236
1170
494
1249
745
122
719
1916
720
1679
1021
1924
1750
1491
1507
1397
379
1768
720
1393
1487
203
1616
800
1467
192
1242
1023
1987
701
23
878
696
1299
1334
520
1174
351
145
1888
620
173
1256
2039
556
1721
776
1341
147
1822
716
1109
241
1729
1006
224
1647
345
400
567
459
617
209
670
1215
1579
1656
618
69
1063
920
975
636
967
500
911
553
1925
333
1288
1746
678
936
1872
763
521
60
354
1803
1178
674
717
1111
1785
836
589
1737
1444
1713
214
993
1746
919
1530
494
1242
237
718
522
1386
70
61
826
1788
802
689
711
1729
226
1546
973
1787
418
1466
1855
69
1829
2
279
2018
2037
1305
1973
1313
197
742
583
1678
1064
959
756
1307
766
546
1305
116
1575
1626
1326
2008
1674
752
757
1048
1773
1621
351
1152
1072
722
1484
1721
1289
1663
1995
31
1040
338
858
1595
1421
25
1115
1263
1605
175
758
1009
998
1128
913
1990
1155
0
1627
365
320
295
564
288
820
1352
968
2041
1291
2021
1738
530
1285
795
1650
342
104
1470
1057
1266
1629
1698
1948
1925
1128
1864
1435
1833
1150
1230
130
213
1195
1133
309
1755
1924
693
603
576
961
404
1966
1261
926
1670
1927
200
1349
1237
1474
458
725
1806
1065
94
573
858
315
1632
791
78
1494
1675
1356
200
861
1563
235
835
2009
1207
573
1717
1399
1969
2
902
1616
731
1674
649
1247
1189
1970
1551
799
1471
1939
606
1417
1488
1441
1491
1546
585
347
1982
1639
1617
791
670
1321
838
88
1081
253
300
853
2038
83
503
54
1571
618
573
1146
429
762
1070
1908
183
352
613
812
1028
760
1607
955
1819
754
1476
735
967
1693
714
1082
344
544
881
199
1145
446
665
11
1857
577
826
547
983
932
1147
1357
622
1437
1053
1764
656
1992
1363
345
1584
751
1340
204
241
181
235
881
189
1800
1040
1268
616
2006
944
879
54
1217
197
1142
430
1559
342
1430
1523
27
1651
1697
1726
1377
56
47
397
1284
213
1547
1044
1247
1006
753
688
637
1900
816
194
76
472
1529
158
1247
1165
1692
106
4
141
1271
1961
914
1384
990
616
1496
1562
300
1470
128
142
1451
1408
572
449
1590
1073
678
1171
1435
83
155
445
1701
2002
1540
1700
1414
390
725
3
1244
1556
591
824
142
1241
249
602
1825
388
1402
1622
650
588
746
951
1826
1472
1386
1326
655
1099
1423
1661
333
967
1719
870
880
36
114
411
1498
1757
324
38
1331
415
1032
554
1405
248
797
652
1546
1105
550
1145
110
1498
421
72
638
1584
1603
1050
933
316
807
2030
1400
1245
50
514
714
1965
1427
1011
638
746
329
268
1644
1574
1345
679
1152
1464
1212
1948
246
1034
1814
1639
1650
1126
11
1808
530
1433
823
245
268
23
1835
1903
1102
330
370
465
247
87
409
1162
1768
1850
920
192
792
1987
1237
1935
1789
1197
1416
1018
521
113
1296
1121
872
1491
1087
396
519
223
1451
492
283
818
357
401
2015
1427
1601
1672
727
1016
662
1034
69
1658
134
1528
32
2012
1870
1157
680
207
53
1423
1076
910
332
1108
124
602
1602
1291
1347
1301
101
52
1056
523
1008
249
1481
1849
401
260
1139
1121
900
854
1619
1351
1371
891
94
197
526
404
1429
1834
1934
98
293
1266
561
325
595
1958
1261
170
409
959
1257
305
656
1650
1437
1934
1513
1032
909
1676
1818
1275
1981
1430
1935
878
931
873
105
1871
1503
85
1614
1447
317
369
1915
1441
1973
1507
828
335
773
1580
783
747
1230
689
580
1913
431
1208
59
386
226
356
1070
1831
480
1293
1501
814
2
1156
1849
1060
1734
1265
71
459
136
1713
1738
1877
278
686
399
1578
717
1611
733
909
925
1399
159
1954
979
1525
486
553
1281
1359
1391
46
1566
50
562
1859
143
1450
534
1197
949
1946
1608
1157
2031
471
1593
1085
750
455
793
1828
1900
1974
1076
360
2043
1415
746
136
570
219
876
980
1851
2007
1470
277
590
1086
918
645
769
1383
105
1233
1665
40
1450
1659
1593
1824
953
1116
123
335
1048
322
961
648
1158
1753
1534
1338
1126
1750
934
1484
214
1936
747
1445
1002
354
1196
1912
1472
332
106
512
470
1109
850
1229
809
1003
337
1770
255
1788
232
215
1180
972
1003
309
537
1580
329
764
706
1724
522
958
872
533
923
1255
663
252
889
1005
1173
527
307
183
1929
1161
1223
20
559
1422
160
1507
95
1384
1766
1986
8
1435
1459
1509
1760
1130
670
1908
1964
1869
1084
1748
1062
1877
928
628
1350
1956
146
455
932
898
913
1768
758
1559
1319
1084
177
881
1910
1847
1769
769
1271
1235
855
115
1162
449
1640
2014
1734
1972
114
1231
1058
1095
142
1310
1558
1342
493
1580
1681
485
797
1638
1312
1670
1889
1199
923
703
579
1120
966
675
1527
1111
680
1816
245
1654
1685
971
1485
528
1045
10
356
148
700
548
617
646
486
738
70
1773
1511
1655
316
1630
591
1228
605
1107
254
863
1649
1283
1072
111
1934
1584
112
187
1269
1437
799
1346
629
767
104
925
1263
1779
626
1048
135
700
1302
1724
1837
868
1391
106
1992
639
604
218
210
1197
816
105
1782
1146
1371
564
618
1302
776
748
643
1251
1126
1364
823
1523
848
339
866
1835
1710
116
909
1463
1055
317
1437
1468
1417
287
660
776
465
1668
1626
1550
640
982
1603
243
508
1489
365
1215
1301
1683
1176
1441
1860
1714
1737
813
40
871
489
1065
43
1543
1568
1279
1770
615
442
1744
508
1603
715
1115
630
1636
1892
1820
1703
945
1705
1345
1080
1227
715
1832
1120
972
539
120
1923
1423
1885
798
1765
749
1744
1983
1225
1904
1363
8
519
805
1066
585
906
1720
1011
1313
983
1521
1659
210
1333
108
1231
1657
1149
314
1265
1341
35
865
2001
996
1638
1091
754
1359
1842
930
1422
1632
1081
516
1931
835
1345
1511
132
641
2018
2025
56
1219
293
542
1670
68
302
94
771
79
869
1144
1282
1801
1871
1818
1506
1763
439
163
646
867
1179
1445
1289
1428
1503
939
1382
895
1047
1353
193
1065
1421
1376
1116
1581
824
1373
1060
1489
673
1507
1111
1507
233
1249
796
1661
810
1572
2042
1105
1321
1317
1888
159
1953
1539
903
735
1534
874
1323
335
1953
464
1711
1307
1370
487
1772
1839
1233
244
1233
1794
1331
1506
1586
901
1243
1846
1613
1107
24
896
502
1248
1502
995
135
566
1200
326
1195
820
1485
1822
1893
1388
6
357
1268
820
700
944
513
1913
607
1600
543
1903
1664
1793
1637
920
557
1762
1537
1779
969
603
1714
1893
570
407
1423
1759
52
795
885
97
406
1285
1507
422
70
1021
1864
1450
820
201
1293
343
1614
466
566
475
118
218
780
472
333
1946
172
432
475
213
903
1159
1288
812
356
1727
1560
1138
1892
787
1505
1113
1163
285
510
137
1614
1666
24
90
188
1027
1141
797
47
1056
705
1259
523
158
1670
1470
853
820
1036
1715
1746
606
1734
58
1334
1504
178
972
1500
1300
86
1404
573
1787
1553
300
223
57
573
1637
254
529
1483
882
1080
155
1210
1776
1240
863
863
929
790
653
389
687
1302
1052
118
1621
870
16
338
1140
765
1746
1210
1420
1928
1395
1680
1547
467
1414
1438
1918
1216
1027
494
1949
1456
453
1532
437
1738
439
555
280
1590
443
1138
922
1646
1114
598
1010
1324
950
1429
1437
1445
1431
44
1342
1147
558
1889
19
349
284
388
327
114
1193
932
255
1943
68
1867
555
1789
1779
1436
315
1483
1229
1076
711
1320
1724
1927
867
548
988
871
1693
1144
1771
1749
838
1431
656
312
460
1226
1325
1652
1566
1679
216
1349
1267
784
12
534
1035
1370
2
681
1962
632
1342
398
438
1429
1895
1121
37
609
1594
397
237
974
280
325
1428
1812
577
1351
931
1389
157
1998
1181
1548
876
76
763
1753
987
1343
596
1339
1601
1342
796
1965
535
782
840
1437
865
337
1042
1714
1007
1468
1194
1682
1064
1759
1236
340
448
125
893
1850
1299
295
1726
1257
809
1862
1001
321
1000
1406
1383
1318
690
2019
1529
275
96
1821
2040
822
1871
868
1942
331
1539
1373
196
505
703
1913
1778
663
1653
1226
1703
1436
615
668
220
711
789
430
740
54
1419
1138
220
548
879
1063
731
1934
1822
441
437
174
1379
732
1538
51
502
1322
996
1368
1869
719
639
1269
1308
968
1307
97
269
650
1136
1048
1382
746
1061
1523
1989
72
817
501
1782
1059
70
645
1713
789
1259
1457
1414
1986
376
1063
968
1452
773
710
1346
1558
1384
1178
168
1457
798
1607
282
1701
113
447
746
1649
208
1863
1999
787
1
1029
809
1520
1622
1103
854
1791
1975
1666
659
1244
1981
1065
1713
295
1527
1245
279
644
620
653
582
1484
460
1182
912
966
1821
538
1164
1029
1081
1467
482
1304
718
136
280
569
240
887
1404
1060
1472
397
28
1900
53
1740
1806
1180
907
1600
1657
1870
385
134
1149
1021
1176
147
1625
531
43
226
1018
1320
1603
304
375
885
713
1264
1986
1106
950
834
415
1450
621
1148
1015
1920
91
660
901
1742
1731
1826
1277
441
1914
571
1685
1403
144
1385
233
586
431
1808
1616
0
485
178
1848
1225
671
506
19
588
917
1154
217
914
1333
70
51
1695
696
1854
1583
341
496
750
1427
