14
131
296
137
430
345
251
198
188
376
277
176
377
353
252
421
61
354
116
285
279
165
450
198
355
352
257
356
230
378
459
427
349
109
462
353
505
182
4
464
441
364
61
62
351
17
487
368
258
283
237
365
366
183
386
61
108
118
215
82
440
74
421
457
241
149
288
504
82
161
378
218
363
121
368
471
505
436
504
71
4
120
51
315
495
12
398
83
98
506
270
318
134
227
39
352
158
474
172
198
496
287
62
274
374
486
232
310
373
484
418
469
448
33
251
318
309
143
88
465
205
18
402
184
124
108
480
145
155
383
454
55
351
417
489
363
231
181
118
238
387
333
305
491
52
158
397
213
215
323
93
477
297
236
297
139
34
114
257
42
376
100
358
100
144
193
389
467
509
355
369
83
400
263
159
191
307
71
446
257
164
475
189
346
33
397
149
14
13
250
120
113
363
275
364
489
386
227
34
156
44
27
198
308
38
134
9
165
445
287
82
298
347
313
371
331
208
392
140
310
294
253
427
159
76
455
466
221
263
259
63
457
446
328
308
47
436
420
231
440
130
374
315
48
436
404
27
200
61
178
24
317
337
41
485
409
483
278
136
220
105
483
174
429
89
243
169
237
204
413
502
412
147
18
507
235
137
75
247
18
471
54
366
318
453
143
17
11
299
218
307
374
443
293
487
234
224
449
135
310
76
160
6
336
80
212
370
65
159
102
119
430
155
237
147
3
503
226
17
135
465
92
229
127
181
262
168
129
258
465
87
128
413
223
69
317
227
293
109
219
400
174
445
421
7
359
375
44
367
447
160
58
433
69
0
141
333
469
195
321
445
489
151
375
175
74
232
231
511
188
191
14
41
292
168
322
183
377
209
481
473
278
33
189
248
472
260
381
448
504
325
256
177
34
311
387
296
479
71
174
216
437
231
118
107
279
429
479
80
224
504
115
142
251
495
295
399
143
234
137
193
31
389
416
360
152
387
168
156
67
104
196
31
188
436
211
258
323
83
34
477
181
365
108
206
242
444
152
275
24
79
137
99
197
203
202
301
435
19
309
419
323
206
168
8
374
156
115
360
72
336
57
469
213
3
456
122
267
426
77
152
107
196
280
261
340
44
451
484
274
95
342
372
176
245
340
365
150
143
151
194
183
377
76
75
164
225
99
484
307
380
10
475
449
147
362
238
362
79
189
457
134
384
354
364
428
485
330
381
212
363
178
289
425
168
485
445
478
156
506
121
280
223
509
190
27
154
207
73
55
127
491
345
416
235
328
69
275
140
238
365
99
361
14
235
344
69
80
328
127
46
86
273
274
148
509
463
12
290
507
61
103
10
105
271
206
215
489
56
178
29
94
104
81
409
192
29
109
407
452
468
340
336
377
195
443
74
426
450
42
451
195
454
356
339
197
213
259
71
50
15
301
365
356
115
474
5
28
336
92
496
288
312
331
245
157
474
15
240
50
346
138
162
9
420
332
20
422
250
224
144
447
469
413
4
206
201
33
279
103
212
368
206
207
206
217
145
408
1
346
214
48
499
143
28
491
169
393
58
288
234
224
293
84
394
316
290
465
302
408
202
183
73
191
372
318
77
112
135
198
16
190
79
304
201
497
3
105
364
471
175
175
321
379
465
359
202
306
140
218
41
22
408
89
246
113
281
451
380
319
449
37
180
488
469
24
499
107
452
476
350
38
131
293
361
214
216
307
433
144
25
444
496
481
160
68
239
450
496
48
56
112
76
20
43
288
11
390
417
389
312
402
230
102
418
197
345
402
86
273
82
381
205
196
394
501
308
492
259
149
68
384
410
456
363
136
180
492
239
320
464
100
353
39
371
408
259
427
505
475
447
56
258
207
104
454
49
266
83
235
102
163
179
26
108
263
8
483
89
187
158
383
164
415
475
332
45
236
229
343
417
363
134
449
462
229
220
496
130
194
210
42
48
446
489
324
79
363
504
342
150
62
92
324
365
445
297
98
141
465
474
302
130
127
184
428
464
176
356
322
204
241
290
22
173
159
222
15
479
193
296
20
56
261
91
266
249
180
357
334
375
180
420
205
474
3
191
168
265
227
470
249
10
160
151
36
29
350
442
54
239
503
104
153
239
314
447
153
395
313
504
393
385
338
241
480
146
433
457
306
177
2
18
32
164
4
318
168
232
113
196
279
95
377
127
199
17
64
315
143
440
209
471
479
137
510
82
332
1
509
282
445
241
204
241
466
57
216
188
380
253
91
411
39
75
499
37
297
157
394
412
240
506
214
247
147
364
276
143
22
91
158
504
353
245
129
212
379
188
322
295
454
24
0
124
254
354
153
357
220
408
427
24
463
78
328
120
275
186
477
126
508
428
2
248
443
15
241
9
227
131
247
276
353
373
183
57
383
438
319
407
332
265
36
501
368
432
28
293
368
157
81
317
392
367
147
83
139
398
310
270
439
312
243
42
488
192
241
450
354
286
82
434
504
373
97
395
178
259
287
264
466
121
92
274
3
364
475
417
54
215
392
179
105
249
247
86
479
56
350
209
110
435
248
509
286
124
319
327
233
58
361
365
321
75
311
237
367
258
150
17
432
210
128
381
448
503
136
192
108
388
331
273
168
156
235
32
144
222
327
412
512
339
68
232
373
196
205
269
300
464
357
471
118
246
2
324
121
390
283
8
57
457
414
236
32
134
253
274
82
317
240
283
392
191
468
430
498
273
381
347
322
403
481
460
198
238
26
54
297
391
392
8
464
20
154
274
210
35
381
3
213
414
393
20
90
72
349
305
81
428
167
169
220
496
437
332
484
465
246
320
340
276
95
290
453
459
455
276
205
103
341
348
298
116
134
92
107
354
440
502
411
100
129
60
509
378
340
34
22
345
340
45
72
461
78
195
193
259
321
97
290
107
381
380
68
371
28
23
153
445
184
89
346
441
115
361
407
12
378
408
68
455
33
261
284
408
34
100
78
112
82
60
299
432
9
472
170
383
380
264
275
122
156
180
482
317
167
105
397
459
421
26
156
397
327
41
59
68
465
289
14
83
223
22
357
466
270
451
488
224
125
43
447
351
413
226
135
96
444
310
409
3
418
270
13
144
217
137
390
415
292
128
23
63
289
510
286
418
512
439
324
237
33
503
396
251
344
220
460
152
364
103
135
318
502
310
211
486
252
2
32
347
176
378
484
462
441
76
390
239
59
214
141
456
209
245
295
204
32
140
173
76
467
24
160
83
339
226
19
243
124
174
245
105
360
392
506
397
291
358
438
324
369
431
261
495
8
170
92
241
216
374
225
232
442
137
268
302
287
261
323
144
120
338
219
31
335
162
79
277
365
356
289
477
384
449
411
321
485
203
281
200
231
135
129
341
381
345
344
133
331
504
299
314
414
211
86
503
409
146
74
444
198
311
482
483
343
63
230
124
505
266
474
201
309
26
248
401
32
200
433
268
322
423
218
4
469
172
135
464
38
451
453
225
251
444
414
74
453
317
147
30
188
296
66
67
190
425
399
413
358
227
397
214
508
244
186
136
254
488
102
216
257
76
390
417
438
419
53
58
130
402
274
416
107
342
363
72
243
117
493
252
360
215
212
63
78
226
180
37
293
246
293
153
480
37
41
155
60
205
7
42
258
439
488
229
278
417
225
191
471
487
34
389
488
267
472
483
221
157
506
165
206
381
185
48
313
300
54
489
410
142
315
159
463
320
52
294
292
201
143
350
376
439
177
161
311
256
58
402
337
356
87
408
67
93
172
270
164
481
266
327
425
223
176
246
85
367
341
159
105
304
6
97
438
230
334
348
435
432
177
219
510
405
442
413
237
16
186
432
104
142
206
203
43
146
429
299
176
492
85
6
191
356
322
99
46
321
502
435
374
17
292
258
499
262
167
254
69
288
370
137
67
137
277
116
324
475
473
511
283
286
82
365
484
413
337
15
204
37
395
83
273
347
194
35
252
207
183
307
280
17
508
439
193
252
268
310
244
372
383
25
211
351
121
249
4
510
398
234
139
158
406
230
281
102
259
370
270
348
457
368
274
217
399
224
403
329
479
399
479
492
292
188
11
93
325
366
504
207
507
283
18
16
45
240
245
396
505
109
369
64
341
36
341
315
125
400
109
490
368
432
315
267
79
437
260
325
260
95
104
479
235
129
455
167
47
194
282
334
121
346
343
476
360
488
491
63
208
55
188
129
417
149
306
414
436
282
210
172
256
391
169
59
370
245
172
443
392
356
113
288
454
123
316
249
56
414
77
168
482
352
30
305
338
468
496
461
342
146
158
158
2
9
7
80
495
449
163
38
258
460
99
222
246
117
242
126
44
201
159
284
50
28
184
440
24
435
301
38
232
316
15
13
180
131
304
263
149
153
204
111
250
241
150
150
453
367
215
79
115
307
410
32
394
134
234
71
484
336
433
207
81
434
486
224
182
501
430
193
339
419
411
342
338
69
63
227
339
202
88
352
214
202
452
29
46
336
254
231
471
49
448
179
174
480
15
118
13
474
80
282
421
501
104
87
375
313
350
273
421
458
273
265
195
82
176
45
75
488
230
247
427
401
443
511
188
424
435
131
433
490
47
136
233
344
334
193
46
436
51
388
478
168
486
307
271
207
10
18
231
170
236
505
432
491
451
334
56
50
278
7
495
72
195
132
88
