128
237
213
216
74
19
151
103
83
136
42
209
158
204
157
215
120
208
247
66
228
178
191
57
190
161
162
122
80
202
196
128
186
125
117
188
227
75
242
177
50
110
8
84
142
128
67
108
161
156
142
66
124
32
17
254
124
243
58
180
242
137
100
79
242
199
122
156
204
155
49
209
171
173
151
30
167
119
1
237
234
0
97
143
54
182
192
223
173
21
184
163
196
155
52
21
211
171
15
20
78
109
10
5
103
55
36
214
156
95
7
82
218
178
70
162
22
217
174
166
174
251
93
23
96
206
227
18
21
29
173
60
201
17
215
214
218
229
105
217
95
107
52
105
197
89
195
82
72
147
55
172
247
178
36
18
26
252
88
55
233
16
45
78
161
158
213
209
191
34
173
124
197
224
243
178
200
149
173
83
132
108
55
91
189
78
45
249
108
196
230
169
120
62
110
102
127
177
136
187
85
170
130
196
56
210
213
4
78
211
48
166
129
26
48
98
231
127
53
241
230
85
107
6
45
231
101
45
164
136
97
212
196
40
210
141
37
179
188
227
77
191
89
38
224
122
241
111
92
78
162
114
206
80
100
56
176
95
104
85
127
227
19
188
58
76
12
184
65
252
70
64
9
11
236
120
52
108
107
76
64
244
207
203
99
254
202
17
168
196
60
190
62
121
174
233
121
162
152
164
33
254
248
239
17
107
99
236
143
255
53
51
46
26
3
204
200
182
18
40
119
174
85
122
154
254
20
221
23
91
26
190
200
61
182
38
36
98
213
23
179
58
247
106
81
220
149
141
113
91
142
77
66
140
206
171
79
144
72
241
243
187
28
109
183
190
204
184
253
118
228
167
21
97
227
242
95
164
111
5
104
13
90
65
167
123
119
130
50
127
179
24
111
66
109
191
63
88
137
154
117
213
63
32
13
197
110
68
116
223
63
103
220
46
139
128
181
34
38
250
13
113
86
97
36
130
147
200
178
58
195
172
129
23
27
188
215
23
150
68
96
32
66
182
140
149
75
212
229
163
38
134
157
104
63
26
172
26
70
20
171
178
92
32
112
31
211
63
28
56
145
63
123
99
21
70
97
199
24
249
113
241
171
15
198
55
124
3
21
145
18
127
254
220
69
53
150
134
109
89
54
27
13
171
62
148
82
196
167
115
86
136
101
236
2
17
206
86
88
228
46
166
86
101
252
213
251
222
58
228
113
104
102
242
208
33
194
29
139
246
72
109
5
162
127
192
69
126
81
120
240
166
145
42
208
124
247
191
23
67
18
74
214
217
192
130
142
94
113
53
27
241
210
94
151
24
19
243
150
78
184
67
232
177
125
76
1
225
27
202
43
29
245
18
229
105
122
87
127
193
131
226
40
242
78
200
245
23
135
224
229
53
93
95
74
19
27
211
122
114
169
117
45
241
86
207
91
255
162
196
116
4
56
173
9
25
22
117
99
99
31
211
191
6
205
224
82
165
124
82
143
76
121
107
30
240
170
138
60
237
124
39
243
248
194
68
102
123
100
203
54
208
46
146
207
39
224
140
221
214
204
251
180
0
65
94
105
128
78
60
159
87
31
170
40
204
147
19
51
236
87
91
14
42
192
49
223
244
236
58
77
154
240
30
149
178
11
156
14
74
157
150
206
48
142
21
194
147
236
160
41
42
181
234
89
208
218
177
75
136
202
198
109
255
141
20
146
250
130
243
108
123
240
219
26
238
180
157
160
230
12
129
5
147
214
220
189
166
115
124
121
163
192
216
256
159
72
129
256
250
226
50
202
84
254
172
0
19
142
82
150
116
216
143
242
207
167
27
224
148
88
201
245
1
162
90
151
154
189
79
156
101
144
225
219
36
207
92
151
147
57
127
255
37
67
137
243
220
18
159
54
24
2
62
19
180
112
150
113
229
252
17
38
252
88
194
101
251
220
187
25
189
179
125
25
16
65
163
80
61
78
23
46
140
48
15
74
170
79
167
245
256
101
8
186
186
5
41
79
181
95
73
52
95
8
100
237
120
58
17
158
92
250
195
225
109
245
221
231
78
141
152
140
8
166
134
155
121
160
19
252
231
21
195
239
39
89
26
16
239
87
178
89
20
177
13
149
12
83
179
231
9
34
91
161
98
36
244
176
64
203
101
203
28
196
44
57
132
75
107
256
129
88
28
70
227
114
74
32
32
225
42
110
70
102
95
161
139
130
167
146
130
254
249
169
16
90
91
64
182
190
194
79
238
1
111
23
124
98
223
42
171
55
119
137
250
57
177
238
220
165
242
78
171
25
70
209
188
41
14
39
72
148
140
19
0
12
217
117
15
251
136
49
19
