514
478
51
552
172
735
542
1022
895
856
12
297
51
383
293
719
262
201
769
254
205
350
554
183
637
685
598
701
67
970
357
809
210
915
756
587
372
825
259
104
230
822
553
89
938
135
195
592
566
545
35
52
760
56
227
591
959
824
951
388
100
377
601
963
968
312
107
141
472
800
420
893
910
408
966
634
365
852
825
312
85
337
272
767
299
147
695
559
229
985
621
315
802
785
628
748
573
398
415
153
894
139
1
851
425
853
374
131
412
272
448
930
366
588
307
174
855
887
960
74
5
610
995
937
892
1014
413
155
203
594
105
412
479
382
232
210
223
570
831
405
872
587
452
998
857
764
258
913
222
326
955
851
215
41
827
348
420
622
582
99
666
865
357
598
431
984
844
552
944
1006
62
787
822
13
584
335
949
422
67
533
383
172
481
448
590
811
78
147
46
170
728
461
498
1003
1021
952
663
265
853
695
119
199
378
172
204
575
960
344
184
412
789
631
683
137
405
126
425
981
977
843
362
680
144
917
263
948
687
421
136
494
267
878
371
101
608
826
464
944
999
605
692
888
723
38
603
298
142
579
584
235
138
413
55
856
201
641
808
818
60
142
884
11
839
911
222
751
608
499
452
849
409
215
91
214
591
1015
218
398
797
794
46
181
772
750
967
371
807
451
649
77
376
816
339
385
145
857
465
906
432
355
40
508
648
900
930
15
663
1020
916
365
601
773
975
686
674
18
848
365
186
789
987
876
630
639
266
53
129
643
670
195
314
699
26
898
86
489
894
868
882
231
813
729
874
240
940
616
588
214
92
695
463
273
225
349
1004
211
876
472
822
646
965
164
914
391
138
238
781
341
979
130
895
548
871
929
1007
911
193
152
2
340
159
165
517
329
915
891
50
997
41
911
179
846
434
366
671
721
994
1008
990
949
949
557
410
170
55
506
84
302
600
965
114
276
229
776
390
50
216
665
545
517
246
86
882
809
341
645
979
236
386
509
849
700
688
567
909
221
175
939
823
75
660
135
795
822
160
560
729
607
65
343
105
56
42
718
156
749
393
820
435
967
688
261
329
487
535
688
351
709
978
613
507
366
1015
747
349
424
88
109
856
586
318
610
932
508
860
59
806
317
816
291
24
163
953
278
99
657
29
792
431
673
149
336
771
862
226
99
813
630
357
538
779
64
925
462
199
37
524
441
117
529
322
341
329
579
845
62
183
762
732
614
18
24
1015
625
216
336
653
595
691
275
362
227
924
887
599
447
517
128
1012
248
403
837
782
548
1024
362
855
567
924
217
15
173
1007
704
105
963
657
952
884
659
450
274
758
85
77
543
491
550
155
778
879
118
286
372
432
510
144
892
526
949
90
721
79
200
60
565
133
75
19
671
697
103
729
615
879
352
763
266
500
840
857
58
540
363
411
811
645
158
477
392
182
141
805
295
289
166
551
490
327
278
1008
902
543
51
345
799
939
909
905
69
443
830
508
780
691
160
639
975
692
918
538
742
195
616
663
487
765
472
570
18
202
457
339
809
1003
861
195
495
68
246
235
563
474
403
428
705
529
46
982
165
557
739
858
693
3
51
981
767
81
172
739
499
570
922
480
376
652
953
382
406
390
686
162
733
514
820
114
115
369
748
622
342
710
446
490
735
621
293
231
798
526
695
219
294
713
761
851
445
322
155
130
517
94
943
78
922
828
384
968
928
457
943
551
105
173
712
541
276
789
460
33
343
702
663
763
846
286
878
697
676
491
488
31
184
538
175
628
699
52
222
562
514
60
620
943
164
146
174
852
625
2
360
852
720
566
279
308
824
184
190
358
798
270
237
508
10
753
637
895
823
407
768
101
750
778
105
935
200
881
348
770
258
889
953
786
604
333
1004
364
931
99
440
720
165
209
864
286
196
1021
288
77
9
22
953
704
187
673
724
522
397
50
221
782
706
39
871
88
583
110
602
189
510
491
966
868
595
950
193
569
453
1001
177
813
105
1020
964
338
488
362
660
574
278
598
468
312
529
692
7
523
860
634
511
871
917
150
497
849
145
1021
528
837
798
662
193
382
58
768
599
577
30
490
1010
561
614
941
104
531
960
32
791
531
836
521
703
595
433
322
365
643
955
705
216
556
35
132
466
722
486
164
931
762
693
434
864
689
57
406
734
47
682
34
457
257
170
943
356
945
794
91
329
487
572
183
974
77
1003
876
973
68
669
169
513
755
305
738
357
936
548
170
1009
30
664
363
250
597
371
944
581
648
402
669
266
476
583
421
823
590
912
834
689
731
849
1007
676
579
408
694
112
17
616
672
532
847
853
94
229
0
966
328
148
724
426
690
953
1
56
743
780
520
593
981
582
228
633
940
383
215
377
780
61
298
1011
55
112
761
587
733
584
926
242
298
596
280
794
724
327
848
539
453
417
919
331
343
290
141
427
662
942
76
249
1004
944
337
83
119
626
377
386
182
22
332
912
35
325
413
138
896
483
949
898
915
551
391
357
993
3
412
252
994
58
906
216
767
1020
814
328
69
420
454
774
0
352
420
30
428
668
1011
660
508
705
171
118
173
85
617
168
106
871
93
768
18
335
395
829
490
33
514
691
287
780
781
282
377
981
421
709
29
893
631
8
686
948
723
329
469
781
863
149
877
1004
965
461
371
697
616
901
704
1001
420
752
108
627
347
470
845
917
444
652
801
921
200
892
328
405
877
4
630
311
168
259
364
510
639
496
276
564
800
200
61
36
94
287
614
572
681
102
271
926
600
244
103
964
404
66
866
765
546
935
774
114
778
853
175
928
501
55
793
485
325
796
222
151
933
333
544
554
955
156
303
62
309
795
280
772
165
992
153
391
664
653
906
429
131
192
80
80
159
44
437
395
382
31
379
882
871
305
116
247
268
729
617
551
555
297
136
428
1000
504
177
1021
234
875
619
446
629
835
175
962
137
4
839
807
975
572
254
702
399
177
581
836
673
583
320
669
62
592
855
371
434
551
894
761
420
765
297
747
275
113
972
131
617
836
823
186
121
337
615
776
158
186
921
600
463
632
862
631
110
527
640
823
479
603
292
144
628
922
560
315
722
51
39
476
843
4
504
244
343
996
657
42
146
24
1024
730
1024
996
295
1010
328
229
353
437
276
152
321
999
465
28
63
81
14
226
174
509
31
196
390
932
756
571
66
284
1013
153
1001
45
620
498
650
919
886
213
149
65
275
928
92
821
963
81
658
841
769
24
267
681
682
672
759
198
428
398
956
891
373
497
728
715
587
475
956
186
27
407
622
558
545
221
337
56
874
166
863
50
412
367
852
326
387
305
1023
550
141
625
321
901
447
996
385
285
796
662
375
51
19
584
26
533
351
813
160
355
259
124
374
133
572
403
52
874
373
8
14
51
342
491
319
42
639
563
936
448
99
499
492
183
253
531
830
443
952
216
356
391
972
427
461
474
998
700
584
10
709
413
108
771
446
200
1007
784
554
259
202
455
43
621
172
636
932
711
950
540
426
431
157
115
629
816
97
955
179
450
325
1007
502
580
525
768
27
520
155
439
462
860
1019
66
236
27
408
561
1
466
1
182
940
539
265
47
378
206
879
748
946
517
372
844
317
237
903
672
899
330
662
362
876
123
479
626
109
953
191
616
888
599
398
429
76
76
394
880
823
480
1014
854
599
86
1003
805
273
205
106
820
777
250
813
134
917
882
360
894
866
280
914
992
254
527
740
769
655
280
768
61
418
388
969
579
978
166
527
1014
309
176
164
245
127
460
985
518
549
72
641
135
374
520
437
799
712
571
699
409
400
544
348
188
188
1010
471
575
682
959
368
426
749
451
2
6
623
983
599
347
403
378
883
737
971
147
512
102
23
671
109
707
528
859
865
203
901
717
659
231
888
393
551
675
341
807
169
447
685
974
386
276
949
369
942
669
552
143
907
915
439
275
420
770
823
138
172
507
213
940
877
198
72
306
670
611
732
504
1022
434
658
634
385
746
564
886
743
759
546
724
838
526
271
911
65
609
282
839
528
37
295
984
676
609
246
758
236
625
390
844
520
672
978
957
877
139
339
1024
221
996
947
298
450
879
357
928
65
129
873
257
256
722
811
314
155
600
900
888
447
11
564
553
696
301
798
793
113
842
157
975
709
573
265
933
964
800
786
628
380
899
560
209
392
989
58
94
985
353
649
990
1006
541
506
850
585
369
190
674
965
276
583
854
527
562
555
292
14
914
939
973
828
277
252
968
236
432
285
250
7
838
594
523
610
617
601
365
787
560
245
366
798
994
12
719
431
304
366
133
837
387
302
103
398
661
234
44
350
994
878
1003
788
963
186
111
536
784
867
729
601
972
994
12
607
641
898
28
838
337
303
61
515
721
283
883
373
672
846
937
39
36
208
894
989
362
787
907
868
612
135
395
348
386
221
8
103
776
874
180
341
470
621
213
258
131
649
410
106
813
58
378
868
196
481
607
720
552
234
1020
717
146
186
362
306
589
855
303
705
655
228
288
940
719
924
652
380
462
520
766
125
201
748
560
416
715
119
113
418
897
816
747
374
136
327
842
409
918
806
52
105
743
862
243
726
916
971
838
901
969
133
486
975
162
185
776
705
194
579
603
539
585
990
725
654
16
554
824
64
591
674
292
658
826
30
791
622
823
267
976
904
922
695
541
702
637
867
425
464
242
32
495
289
768
72
1023
913
493
87
987
148
383
305
827
204
226
135
217
949
466
182
594
451
382
839
1016
107
657
985
110
619
839
931
106
656
707
100
479
371
910
1012
822
296
301
705
467
29
538
388
0
764
911
984
525
906
489
726
759
840
709
939
585
482
860
373
608
293
789
613
69
255
630
64
226
356
817
992
587
340
1011
643
951
320
167
402
632
784
450
810
233
731
324
8
330
237
770
273
210
1021
692
679
289
175
756
347
63
555
331
880
260
925
126
468
418
9
442
961
375
789
166
777
402
256
228
53
613
357
999
242
679
744
84
18
734
61
115
451
745
686
296
130
850
217
754
675
822
234
605
956
541
359
369
880
968
317
398
331
348
900
58
784
416
710
829
125
170
106
373
527
758
46
922
648
106
287
203
493
3
386
302
806
274
964
1007
438
983
320
324
791
453
415
914
949
590
746
277
977
206
491
702
265
62
202
312
577
297
149
758
24
440
442
570
38
164
430
427
8
325
346
925
1020
482
957
766
154
607
700
866
604
446
818
381
361
269
392
186
138
620
526
645
118
105
347
429
674
1024
767
527
197
861
329
942
1014
668
99
435
673
67
606
304
205
203
940
638
355
183
590
387
372
784
395
495
843
630
596
818
197
822
933
961
145
499
890
797
671
936
718
518
465
800
105
487
82
251
295
57
255
796
721
305
125
659
537
52
89
516
503
490
705
787
55
416
28
798
210
655
470
582
597
1023
472
316
987
326
870
814
698
675
779
668
406
847
980
682
753
512
860
321
694
512
513
479
617
185
781
895
356
519
513
805
599
587
991
427
305
989
737
817
103
270
375
772
336
113
171
892
817
811
332
651
52
362
10
898
730
924
679
933
442
66
755
602
350
577
992
164
244
269
785
59
712
414
106
593
435
263
771
692
340
860
531
435
981
195
503
16
991
456
748
29
351
257
793
587
824
260
933
478
205
835
283
815
106
153
426
858
725
346
567
622
514
154
956
402
958
928
702
876
557
329
95
797
159
107
187
384
975
134
588
725
549
778
986
390
404
189
581
930
574
107
759
138
235
172
979
940
799
1004
10
278
989
188
542
555
696
714
1005
608
881
548
353
64
508
880
203
97
225
38
127
976
845
945
249
965
231
610
840
19
386
166
554
610
557
21
877
816
831
785
151
74
518
246
64
609
537
351
246
675
644
37
241
322
547
966
358
496
213
811
488
768
579
725
570
859
485
828
280
363
126
338
472
157
678
741
165
535
484
985
433
354
774
662
102
550
759
872
747
668
585
321
805
687
868
553
4
283
892
409
105
150
196
765
717
97
849
697
961
578
920
849
845
486
296
86
333
191
1012
580
1009
189
77
953
891
747
110
505
248
669
189
537
131
1007
299
324
489
768
245
317
218
820
844
616
862
859
168
894
710
283
174
901
860
1023
98
356
556
963
624
648
206
592
314
3
431
96
709
145
146
213
863
322
409
313
987
332
737
159
716
275
162
797
994
661
477
576
1010
687
220
974
235
535
514
975
76
932
368
396
405
884
716
870
300
38
180
98
346
986
75
453
1011
565
462
69
476
733
263
790
1014
933
396
726
769
316
440
394
52
382
539
537
737
709
943
937
903
210
182
476
188
133
655
231
1013
969
734
338
736
963
768
995
153
956
127
143
755
72
271
908
926
106
736
998
37
800
526
65
172
546
29
92
723
602
341
34
316
186
486
358
626
120
266
334
368
919
171
995
247
989
718
109
926
751
9
414
443
21
903
626
415
436
946
432
68
271
89
339
492
708
324
79
984
735
888
546
42
605
643
932
258
506
584
922
419
80
605
239
457
658
584
535
10
615
467
877
543
446
980
863
201
839
415
801
622
604
294
711
448
863
40
175
382
14
517
196
760
12
168
266
267
344
405
622
304
923
206
140
463
145
507
395
929
659
177
399
821
960
820
228
690
409
941
74
715
127
109
416
37
912
173
981
575
894
1010
115
396
143
298
967
262
773
836
541
99
926
68
315
115
524
454
927
109
305
310
287
927
860
555
884
661
666
334
146
868
260
1001
362
475
119
1016
837
824
319
14
1019
374
974
777
899
75
844
632
843
876
423
30
462
500
341
705
476
789
269
59
724
543
978
333
156
144
75
619
458
538
828
657
592
27
361
920
577
229
133
760
954
1004
334
49
417
530
67
535
964
119
575
201
268
972
377
414
65
214
145
476
863
287
770
888
656
517
240
734
66
196
709
737
326
742
397
574
739
65
948
766
1019
542
738
643
967
220
562
736
775
670
684
225
832
176
659
205
389
719
695
998
975
500
894
757
397
390
973
4
508
11
530
898
885
821
323
723
624
422
777
506
336
360
936
897
630
121
764
338
551
374
778
112
626
205
970
513
658
573
153
118
752
660
846
479
552
215
404
52
939
61
1016
498
984
516
897
1002
22
426
645
324
80
720
568
802
696
741
269
852
147
567
908
314
1
41
696
656
261
215
617
30
216
326
350
76
200
509
367
71
175
185
27
735
105
632
135
918
13
448
657
793
307
974
826
660
944
127
988
423
850
495
245
474
230
991
590
992
981
732
171
356
884
334
66
514
777
404
828
80
498
185
863
78
580
791
999
614
910
167
783
135
363
71
527
566
251
918
1020
253
881
188
456
292
822
300
726
549
266
307
848
159
547
276
101
315
901
104
807
109
793
103
71
644
385
60
1006
589
538
778
513
499
864
664
621
354
933
862
374
749
977
404
625
120
429
453
690
578
490
716
800
817
917
905
981
123
938
189
886
311
18
297
844
873
834
783
24
765
469
582
998
327
988
308
781
452
976
475
436
512
26
600
121
516
335
233
812
439
182
590
21
631
768
685
13
557
764
702
266
738
589
750
802
451
665
21
120
163
1018
516
552
143
169
689
317
40
9
421
727
335
485
674
869
355
894
97
916
371
381
204
793
432
717
970
247
397
573
470
492
660
1006
212
844
688
871
11
209
397
782
485
445
917
636
715
141
322
1013
986
429
333
171
571
78
340
435
999
905
254
928
636
938
736
139
552
805
575
48
121
155
939
620
427
153
151
84
490
93
306
426
209
632
311
291
468
405
837
265
807
936
729
869
163
137
175
665
316
991
583
378
399
759
56
935
43
212
159
23
862
796
113
357
660
994
41
324
859
583
515
837
790
796
214
302
92
409
144
516
253
345
311
507
175
78
662
209
358
325
301
871
276
210
286
781
54
676
39
331
764
924
361
1024
214
812
332
1018
458
215
436
912
251
496
631
958
405
428
966
74
64
233
61
466
137
303
664
59
853
324
238
709
581
164
30
283
254
228
104
176
212
220
927
171
185
228
609
77
752
892
129
338
26
679
219
714
540
229
579
89
595
262
450
39
356
723
707
876
414
927
604
27
930
242
375
972
211
446
164
484
714
448
861
321
734
575
134
978
978
478
246
771
256
350
877
114
155
158
723
692
701
247
680
101
648
48
304
902
338
558
728
316
228
483
829
894
25
582
162
974
207
69
94
690
259
515
246
36
246
599
351
692
903
440
15
505
403
153
410
359
190
738
556
391
191
579
729
108
978
650
346
786
98
581
639
259
101
518
467
991
227
54
881
221
353
687
907
923
764
545
197
847
696
149
1010
9
109
998
953
869
973
1002
1003
176
388
269
203
507
168
548
516
765
142
100
561
656
49
209
844
88
829
654
679
906
249
581
49
976
100
356
411
818
548
759
626
793
995
1015
564
167
951
865
355
427
840
858
574
927
387
119
406
620
610
793
331
24
957
472
706
623
168
890
110
818
363
86
315
230
633
896
362
466
876
694
730
316
599
405
198
1020
765
365
448
566
580
856
246
778
729
683
857
573
772
596
573
880
404
348
522
451
146
99
617
922
898
282
603
289
948
552
636
354
623
575
622
156
241
504
25
160
1016
241
197
48
570
973
340
375
916
722
311
165
277
782
433
181
633
992
290
278
565
337
447
205
867
479
841
704
505
759
869
377
448
1001
460
455
903
319
7
811
811
118
754
660
722
637
89
738
502
889
809
670
457
193
996
772
832
398
742
96
547
754
591
926
616
146
607
842
451
755
138
396
551
384
497
747
878
899
764
921
1011
718
778
540
681
604
152
310
898
71
133
792
304
610
201
300
337
67
789
368
906
115
171
77
640
886
137
35
305
977
403
506
918
597
215
885
401
190
374
869
827
122
91
142
19
551
954
1007
38
63
119
647
481
467
539
51
683
483
614
675
482
959
759
713
995
35
1018
295
917
791
164
339
739
627
393
272
452
1018
917
184
547
1003
332
799
235
129
122
662
779
426
89
932
418
566
462
439
891
338
588
582
168
576
99
276
8
431
401
186
108
181
995
704
389
289
547
197
305
104
218
820
232
605
238
667
187
606
322
973
885
981
32
273
599
4
624
925
519
135
640
285
415
832
686
682
661
80
880
990
777
196
980
814
489
868
378
658
189
461
643
546
174
858
147
535
724
127
420
810
424
710
599
47
503
94
521
113
942
829
487
749
378
259
373
304
643
351
151
779
532
9
489
344
922
324
763
359
134
1016
143
259
5
811
29
260
82
212
467
587
425
620
397
113
811
876
473
158
102
612
162
1017
915
868
217
844
191
644
532
468
500
515
41
826
547
343
879
659
616
936
989
905
287
11
248
591
818
561
67
37
974
256
468
382
681
73
911
536
827
447
575
312
927
340
860
378
482
768
288
884
830
229
449
422
