204319
208614
76573
156281
194574
1166
220121
3733
41283
246680
211424
41717
235906
172546
183932
178385
107398
100483
193241
215485
51979
248311
162047
39499
27643
254198
2028
164496
23253
159888
7452
102731
120710
57461
100799
259082
108858
195529
26770
184538
136974
248159
19401
3003
50470
261060
88079
52263
115077
247647
224613
13750
190350
12182
245661
186768
256875
183976
148691
247433
45941
126698
73371
96863
37335
14342
129684
104495
174984
236664
214183
187998
87471
187563
68478
168466
140299
193056
11644
183143
191271
178607
251582
251734
4996
198752
100308
137578
169499
201180
36150
250873
70806
49009
192123
111750
205409
17670
143839
233380
81281
26849
145252
259656
40610
242172
203645
119420
78763
259001
47744
241062
94180
194007
19728
84626
52498
96443
23207
32012
85043
179380
115130
149561
3822
120676
258567
232770
16397
179793
190889
112521
140818
237637
144870
138459
100037
114912
200514
99893
216161
173406
53724
175567
186337
61229
192032
254006
24528
253994
35505
174865
232040
187594
83446
126473
87096
232566
132155
43292
241361
204844
170788
203779
73514
122871
96448
151340
245583
18390
205379
45450
75065
113668
82601
228780
241951
141456
75046
68100
193632
41603
169232
7223
201207
241950
5917
130839
181032
139592
2146
35021
208384
41215
156501
212202
100142
157473
121282
128469
27691
223511
56489
244603
65017
224044
152573
250060
217
132316
199338
199030
215388
58133
248941
160574
251590
139030
58991
192800
20132
194537
60924
168626
132033
34969
51085
257512
261392
3049
86473
224721
245206
164457
16635
144872
227196
251061
30377
112611
69380
183645
164275
199553
177584
261048
162029
164318
86036
67332
252527
241913
79554
144768
10818
219730
121873
235576
219583
212776
192513
232828
178066
126653
97795
111161
38403
119841
28204
134820
25660
224775
44112
251347
232403
69344
15825
127585
121094
187906
8279
94054
218227
182670
224810
104561
143380
23621
259990
152150
56619
149559
247976
15180
82429
75086
200709
166330
53328
146407
167029
134238
208564
173345
82322
63677
157696
110454
227580
55623
9154
32085
15917
191118
56995
28180
96764
138028
184268
225270
252536
61217
200693
188168
146184
83752
250515
166241
135358
5158
12059
177366
252879
204044
44477
22934
43980
65337
27215
54944
172383
50566
58281
25266
100975
146800
73580
67655
244496
230442
211479
5892
108313
115489
145160
53411
93098
28925
160084
242624
242464
161170
115133
164942
213032
126011
108063
58163
127830
74181
2121
243340
150333
77634
200498
152738
42607
17634
155713
260406
102998
183230
175825
149791
186505
56255
203360
135369
125795
199389
77840
195547
142063
20594
231709
258365
24432
85616
66524
74047
242576
39330
225502
226148
8756
16379
119618
6592
109306
258939
211468
95337
251972
186176
244771
161999
69721
253997
212096
200043
72339
146972
89047
127827
60665
188782
93816
69100
116090
183341
255822
66272
96443
105176
195863
9293
6829
190165
72564
14236
227406
193344
68856
14329
189783
135316
258658
259633
84919
166319
134218
137873
30520
49623
143765
68581
145923
191383
58613
115258
145895
208567
31784
238073
51071
90866
260941
191584
175170
93429
53232
136331
230622
242496
237285
176944
250560
42844
217712
185496
27644
124750
49541
189793
4465
248169
162098
57830
92318
155465
246508
86896
135470
220143
7817
48975
125018
200248
240383
207690
153588
228071
226488
4847
145724
218851
217924
67306
227749
194557
126109
220277
164240
211235
199840
90018
124147
133298
195636
92431
130710
179511
225235
136612
233544
185025
25273
26647
242902
234170
172044
125509
41953
117905
119149
199535
174201
188185
60225
105940
183858
108855
179019
142990
176737
70225
248849
241301
32611
94011
185648
33445
219664
19856
189366
253825
171153
5068
233632
135996
135323
213600
84943
192944
174636
181620
136277
12355
54388
158991
144
5666
255265
151675
85969
177162
164463
235721
194020
62874
77447
107099
211932
148285
39054
97529
176521
93954
241912
12651
133855
30225
48727
82315
172964
56346
116912
87874
136707
55345
122630
135489
198247
234858
239059
205544
175218
232078
47379
177172
159820
86898
82297
9327
167294
102587
119896
221748
133257
222765
73464
188014
217372
106090
141194
5586
39060
199381
156264
224453
118349
182966
78548
94691
227066
26092
41799
256277
242520
256889
171240
228219
98729
205012
26670
15720
172485
175009
59524
202817
83040
151760
39161
252877
184530
178700
176361
63841
139896
24348
100439
52868
234429
9232
26371
118492
245596
7969
20920
234013
224791
6477
135581
105226
164773
5718
39443
205051
240435
43025
247651
151657
248774
70061
162279
42141
228370
254764
165058
256084
20405
146600
143457
87862
174539
90083
201571
103945
261987
167301
160029
130742
85511
120671
259289
171000
3556
22310
51014
226508
211005
200078
198779
187225
230263
108895
20067
5369
48788
231382
65517
217121
142478
118657
40905
251912
204301
228368
13770
184034
180153
235860
30631
158365
46373
218744
201751
23781
125839
96835
140700
101720
178740
23634
69162
30437
128359
136047
70177
212444
253689
72300
255625
216456
240787
29775
165711
100678
96106
201126
244643
54853
14026
6687
126713
32403
180493
172248
146188
186237
239174
223622
43083
160968
226276
213216
62103
111859
56670
130568
40205
151210
24827
194918
30082
49987
254743
174684
168731
43701
22353
3466
94329
28186
92894
15427
103674
176051
101623
218704
27110
132722
62482
82925
129656
16614
196381
89861
171348
151865
246974
205193
171813
165178
94036
7455
83000
169626
190295
244492
100261
117855
68426
101661
48571
102050
947
80664
130738
21977
245603
186392
202999
202026
122804
261507
59325
174718
40544
55989
233103
75619
91857
181714
118750
252290
68907
59133
15037
8615
236864
53682
52825
133494
72733
116814
235791
4685
143272
55082
127380
174152
231274
229114
226242
135141
15502
60217
247117
117093
202340
148044
260009
199996
136242
130719
140146
117606
105136
212545
208583
136372
6862
40471
120856
9927
211274
260525
110936
38358
202270
209234
91217
247262
127211
162944
143326
155735
93826
4519
41424
155477
87361
180926
204057
237533
74170
238954
159065
199992
21627
214600
97741
182037
149438
157621
140567
94921
126532
258863
37427
217914
40033
111411
75248
60269
254493
42702
246435
130251
181064
191049
32778
13933
80630
211656
52130
258184
199465
242207
62669
198092
154502
34050
235174
193658
238856
108718
91494
4587
133902
47169
56538
134479
194999
139101
166634
146945
140698
198468
123808
132172
151683
234066
37432
50105
67915
229287
181271
195843
253151
140407
186370
150990
166787
4510
238460
202760
128322
174611
14555
120855
200549
34150
145003
158544
195807
233829
90163
175307
79895
73171
56741
157109
252428
157725
162505
160963
73591
176460
219078
102255
38931
114277
250916
261075
165487
58806
93162
177400
2053
7131
102720
151412
100047
65772
139499
40439
62652
228305
70588
125930
172072
136461