74167
36350
41065
83456
9070
45820
169634
255046
145323
203235
47873
100
254972
226149
112117
240451
159409
162131
206822
44638
129859
184558
179452
180149
187239
7123
213435
123564
39372
126972
51854
113138
146344
141946
234030
227266
128867
99847
42566
209320
98844
98000
240420
190085
145938
224582
50775
140596
152020
44580
22068
57038
100506
247410
225258
65820
67123
32048
205003
111996
73221
183375
34949
113249
15881
137848
79524
45371
6310
70648
117127
203003
53616
51273
139746
93432
230887
185247
229863
58072
186405
179907
75085
137220
256525
151381
140215
108042
208363
67913
249453
141974
9959
191846
75441
3707
153081
168948
186359
161252
251810
73545
242126
23724
117779
101598
63180
205017
259121
65521
78059
84746
87967
23024
118978
169097
176718
157438
81458
100613
251961
144263
220962
180653
237239
197037
146785
35199
250844
10469
170769
8481
8405
257930
79333
2004
203906
188335
60911
189703
224884
212369
60642
199763
4495
177112
22141
221043
2097
247262
155880
30362
142098
60231
217392
59726
212420
85971
99961
85741
98065
88996
192899
56034
25991
28741
94128
76166
143574
58548
87822
133610
247794
241046
228162
193813
132151
69800
95240
249954
134649
116867
138041
213847
18653
233148
111017
190347
31134
234292
39191
122574
217009
149491
77847
30218
185325
134471
101332
72498
158196
257330
58864
1051
32501
105233
24922
67887
208478
193445
59151
230810
117016
60575
108879
191179
21312
47930
41484
61781
189980
28011
12717
139500
34958
100322
176460
155927
189431
191649
168499
27986
26741
99067
169114
149457
56263
131627
64780
75679
130572
115045
152052
42353
228888
145886
95639
179268
37174
78087
122259
200523
105149
248295
56954
237721
246490
109359
143477
210401
45718
211732
197834
35529
4295
180778
95919
166305
252753
185449
249147
82295
65461
124130
165172
200358
258905
189981
26759
196247
11741
215076
211512
109926
245019
244227
73270
235851
221127
157308
39140
225091
14153
238207
55368
141747
125250
37291
72060
198123
1275
20118
143102
41251
175699
184298
144425
206278
244262
188685
247026
216535
28780
80638
246537
68317
129147
143056
25363
98402
196151
79602
114350
248846
37258
260024
30742
124898
236320
74082
227687
48360
232490
155044
45812
27178
2044
100505
114150
196368
211295
216667
153350
63007
71344
100552
29557
156765
255861
67783
38756
141554
185481
139291
17713
11465
165249
91660
10836
57405
78648
143683
141291
59218
91202
130516
50397
113562
124533
191196
40036
79094
17843
251614
208421
24400
58080
144740
178024
214784
253844
106893
168659
255255
90925
35060
130247
136958
121577
136618
160638
41681
81556
227818
136850
131481
228794
187910
198397
41489
71666
113800
218498
113357
105851
98318
25943
118163
95233
230882
226998
155849
57094
81207
112929
122342
90249
117118
124506
21368
88544
76737
12999
68975
202222
167493
65984
62327
75014
141140
42066
103148
119970
64211
45202
147177
251231
95155
192439
209834
256488
45177
86118
83792
191414
187432
109199
22019
248568
64480
73022
113126
203748
160522
40498
113925
99265
247126
249686
131877
244690
189318
193271
136839
126464
73799
132872
170465
36585
116981
87245
216569
20222
107308
36811
235765
1139
87533
55203
238568
173422
97634
97899
167366
234421
158281
152407
246244
70824
209446
115458
63769
236473
252079
51401
114616
133806
79482
92935
30426
260193
46434
172486
238289
228561
185754
115649
60861
68284
33512
72463
236360
254265
36784
1728
182430
41271
6540
157369
230819
202173
205962
193201
115249
144304
184485
63807
100641
220657
248221
228309
237652
90927
178893
146691
53085
81881
235813
136048
109626
51963
207625
174495
251977
215799
228107
213022
205854
15555
169369
62779
258684
185384
53227
152234
167133
179664
102360
251140
167811
148794
55893
185376
229367
30001
139970
233687
150811
184920
237697
45130
206924
210201
145022
260652
25067
93815
13552
7331
97986
52206
243701
104724
147764
131048
41609
155290
137029
120391
108606
44662
233838
175086
224587
53556
147959
42066
47466
48528
6318
221486
235524
239859
239132
125422
170327
144484
181183
97566
142162
247610
187859
191054
2386
109057
43898
29107
248051
146515
154087
219908
159748
98356
3042
207658
258504
206652
166072
10665
149338
220255
113627
231575
43800
14594
248566
47412
216592
260880
211368
191185
183942
232707
51879
139184
77867
229714
259112
119427
80770
114022
8652
201956
111273
12015
5644
213178
12867
163485
221467
1135
29542
177668
220519
170146
206173
34002
232921
42326
205063
56869
89964
121647
166671
181108
39578
163422
3766
81406
104377
252691
201877
36675
239687
233628
61989
236334
238678
214858
240995
58353
215076
175118
121053
90461
178208
20556
172034
111748
251467
119178
251640
254872
6773
17685
40991
111175
238517
156672
96727
93754
192215
121991
81945
230659
149084
47150
13182
212227
37868
192804
110887
232810
232581
151912
191370
75759
54860
183712
150048
200851
75862
154867
227684
145284
165862
155028
90229
128131
193054
181324
213584
66049
162718
154629
26067
228509
203967
56974
145246
17514
58455
54503
152855
177682
145209
90648
254887
45427
72336
62810
179860
142757
82183
224944
150058
175969
178758
175831
101834
105353
217473
101704
96067
196763
216346
64149
9379
128431
94128
257233
223712
74394
17498
52023
196424
207839
229494
24558
106103
180512
150462
154504
95998
94707
1242
224327
37097
140869
107546
168165
144050
205985
245752
42688
1378
119133
134416
2429
233024
87005
241702
69283
132599
74095
180927
29951
100613
233687
107764
14407
240813
219244
66964
239335
148874
4654
146932
251923
202362
183427
164393
194558
12237
151748
222293
30630
215222
229121
61073
161438
133498
16843
206509
177630
117332
70105
89808
252071
60798
35486
52812
157901
103955
177173
67306
127295
95039
95272
190186
147912
240506
23012
26421
40827
240226
25881
3123
195906
176251
5290
49106
106283
57
139365
23883
231564
155672
44218
11483
225545
254183
227748
134025
165479
218496
221014
23839
172628
24724
95136
127410
82416
88237
228743
154466
12363
7945
173688
95308
99823
215274
259299
55965
79866
258966
260872
204413
79082
45324
47697
152922
148622
204060
136665
174900
25642
200832
233067
129014
17311
221925
239730
36061
154433
177415
87283
107830
49064
164166
63117
150397
204596
50429
176371
146179
163867
135013
192930
52915
142909
261844
101796
69584
33388
88684
171706
205545
190367
102677
127461
186712
101567
243541
61968
157800
167822
186125
255070
181182
103831
9390
12705
185362
43089
43774
26081
10013
47860
153823
82334
126299
12652
179299
44514
236234
71330
223455
134605
178309
42209
26241
43526
61087
173113
108013
90819
257576
136073
27962
140957
66696
172098
52815
228398
155880
54592
253230
155489
69051
235750
22562
156681
139122
190507
104582
207318
154827
120829
241917
184179
151533
249616
173003
224960
245791
186548
248064
149089
201642
176603
128062
100448
32197
50777
132802
61103
233373
179481
177791
5577
254794
254788
80536
115683
255917
155317
120615
190130
56034
5142
512
4407
67636
206661
5601
188344
47845
37547
210237
94322
255300
183511
152009
155078
120720
35074
97007
136975
229788
112183
209792
224555
85276
72233
119146
60424
239195
38651
48357
152763
260808
102091
57567
239360
203676
228200
229819
40757
133369
161211
124609
158346
71714
74837
10277
255210
114052
237677
21472
208371
219857
201171
83682
3259
75251
241149
156205
253603
251177
49253
51035
243779
77592
79649
51984
154403
149088
190304
232593
249514
109361
230823
89774
245280
97990
125238
79966
181508
189463
20586
109935
68179
232585
25583
204542
10814
23588
116954
120981
159187
85329
3498
223090
200178
102838
14414
255636
119462
90652
62520
50757
193835
2586
63952
201555
28528
159290
156125
207590
260282
67604
79666
76302
107559
145586
98305
220020
132523
241582
257235
46508
43661
230301
253128
4048
46125
27576
37491
237262
3827
164579
216142
108435
44205
22948
260760
251430
144512
222499
239704
62972
114234
234812
50658
204705
62780
182145
131401
138117
202408
88423
54729
34608
229162
38093
61005
244009
67480
59756
217715
227291
194528
97232
157430
213444
196066
39227
2089
214794
127760
67692
160089
123590
219224
239563
239566
76261
11633
179106
89079
79474
190434
228775
29701
104090
230213
186939
130229
55124
233059
53640
247353
126977
132950
90952
35050
123319
31109
39266
71647
785
188794
202638
137108
126722
69125
57640
154727
17499
178987
218784
211015
236464
189056
45094
194932
162613
189947
81690
120721
198774
164526
54256
254023
254329
95074
164762
2457
224683
43614
13051
11203
192896
175024
129665
72191
7898
7226
57374
238990
131426
257554
155135
57920
89179
82525
65711
40973
10453
227280
236115
204743
143667
257851
37798
27113
199012
53200
96981
261757
18280
242724
64939
182783
246329
87463
230003
237104
246075
165501
48199
114438
192999
112950
85820
212893
88850
25053
22295
234247
188584
178961
38310
213675
243503
197514
200152
232720
142805
212382
40688
150002
248134
191067
246870
172398
122162
100908
108548
180248
118941
11976
46917
204492
149324
36034
223389
258609
146251
248120
242702
178096
237916
40357
143373
174900
159504
47154
6273
259160
152159
50937
157008
126922
260488
96311
136928
144802
58334
17806
129781
205496
204659
165240
52922
181435
255903
239072
20211
229035
253578
226801
51468
120135
170659
74571
179644
68556
229284
10085
1513
147985
118507
128010
143354
195064
151069
118971
36838
193687
144057
181929
247248
116726
68154
241736
17769
158491
4224
165956
31169
216090
21640
40347
168417
16455
26397
216363
101239
50211
248574
204612
35831
200452
121044
21884
186818
30043
109389
229250
115400
155381
14842
75666
78625
44403
40029
59196
14755
58219
131569
225428
169304
158061
170327
178399
219743
111677
9557
19704
253248
178849
1589
130728
108066
223444
185562
95514
144273
191688
117610
168488
260686
112251
227455
146674
144922
201352
50237
157566
49921
197830
185201
92545
25403
147010
139237
213174
122624
193795
99294
149829
185646
33859
149002
172409
106190
233658
163141
2035
163133
224255
250375
188955
50104
240442
145786
170696
160731
23352
132201
251501
200014
226635
29
16456
155154
1448
87778
178623
67875
66361
91291
56506
42745
123483
86040
188901
118685
234675
73665
222558
5478
145294
91241
193458
65661
174759
72395
117377
7758
109951
133993
222073
259317
140142
68410
45575
33472
187989
249446
154486
7351
239352
260752
136196
204855
231007
257875
167809
158901
191904
142472
85042
78398
210677
202404
139181
249597
177863
196979
138937
138759
87321
251847
116814
119938
102102
256842
67677
71450
140630
126854
230831
249244
52735
118534
223670
118105
188649
128180
256193
148512
121405
96787
46813
32211
196004
204694
125406
42074
202816
145451
168319
156307
87256
123229
77176
234211
228093
110517
97206
44802
7484
190730
224100
252726
172579
69481
134576
5117
19734
187811
61716
70923
258158
254356
27950
93899
18255
39355
170676
51311
227543
128488
124752
37405
158508
21600
199782
17948
96037
146628
258383
194999
88040
15503
212024
32997
136988
105891
201248
38428
178362
143890
190737
103269
170706
80726
58013
117194
98046
202530
152919
36353
151201
14092
2526
105267
13338
63028
185199
189722
232727
28036
192716
148
140368
27281
134797
112668
88130
189984
109674
9921
62685
261473
212286
181498
190577
209560
8527
127964
156683
247658
240209
238234
84634
113346
74961
232498
257175
114990
83403
75834
226948
16707
48003
182092
73587
103952
106059
49554
36727
109238
251927
120476
173018
228473
187328
42320
18738
245517
110986
133761
178207
50669
135335
234936
151473
153152
230102
122771
145493
28952
196951
248485
156299
27212
130889
134870
96432
218215
162381
259871
77555
182224
18481
244179
225835
67750
175282
64270
10722
211881
217044
181345
164525
91947
246727
118550
90009
206586
3892
50534
197213
227587
84045
176858
8188
40352
103849
7761
55771
234353
74175
128967
218222
247488
70406
56587
116469
19296
163181
96070
132372
79729
252054
193498
236128
160793
54378
70359
136853
155181
253113
106883
131867
251443
143486
256605
217000
86614
40837
152917
174824
223150
49224
129406
221348
13061
105076
47013
191364
97209
133614
205644
99914
59735
236807
125776
80660
27037
172168
87264
13208
244009
65518
28052
168443
41946
101116
36382
234345
249540
117932
142028
26824
115575
18170
80210
128469
228866
259173
35131
50971
67035
209561
32431
107400
204225
26019
134225
174026
31143
186464
71743
1766
211606
176737
190382
177647
57654
175443
219196
64016
208753
43427
179581
39228
192416
55298
26298
204325
199636
22682
59225
9234
139196
87013
199929
160248
165220
193524
92170
79773
124144
51613
15977
156925
52717
182640
240684
73671
185816
217517
17840
195496
186715
61682
116599
111282
140354
225634
20651
111005
109113
10299
189660
257418
151125
43074
29301
97662
245839
202268
102338
254275
117067
63353
202047
120762
172304
158069
66486
142232
137139
148790
199477
68700
9128
60296
95980
34900
113556
212131
243057
49784
193672
152344
171304
166865
94168
43905
101254
56833
174691
158117
117803
11871
100320
207640
131265
248775
97320
136593
46957
211545
221621
92789
135505
21819
132357
179163
241156
59161
259543
107358
158013
165061
3893
181518
49716
230384
68810
60180
202496
100329
186710
186971
10999
223326
49756
110740
54817
97416
149592
26062
16820
122556
118647
101147
64552
157345
47274
124218
16208
198731
258128
108224
68306
41799
148571
150088
73987
211929
214069
188218
251171
244220
9834
190708
220189
128322
257170
198560
124555
45080
155572
43068
43193
222531
6871
164088
4204
224421
222539
240601
109856
31804
185778
257308
112241
253217
76639
38670
48515
162680
99274
124288
192696
167047
60043
94403
31580
117076
246188
238615
245621
143926
98095
202252
57027
69943
143350
63135
218775
44125
123853
196033
26698
188692
238642
25200
83738
127692
220312
237236
99522
159131
81596
56691
12919
42624
230503
198397
37463
184478
136662
230471
131931
103716
220231
139977
41213
188621
9208
167040
228087
72140
187368
126111
79227
60483
167524
189082
50810
21284
174025
253927
143060
118586
58300
91661
19942
138275
235785
87579
207617
147560
220422
71563
233043
187649
128019
3863
197520
25236
74129
199519
133815
136851
248514
74764
191042
22990
206335
247291
174954
132484
224928
225209
117011
200507
138106
51897
61061
105768
144233
111244
81511
39403
246894
91559
205211
179543
56363
47647
196222
865
8671
257906
114356
21512
118169
145433
29864
139635
157030
24022
28191
31898
168371
50427
241149
40749
175729
4938
208608
8187
170336
62639
192022
42387
144928
26006
201415
145604
94247
204037
113381
158613
255759
61902
14251
36672
122707
96502
183803
80175
156402
60148
39895
73647
49646
199043
155372
180549
255776
81606
222364
84683
253034
221748
177261
239076
130489
76344
164547
27759
254664
244268
7136
163521
25557
233943
176503
248716
77629
2139
239728
158099
91635
233060
260811
144051
165442
175034
183435
61266
169945
195526
115732
31071
250941
74942
199133
203371
145992
254015
78272
173705
102428
145081
48102
188782
212872
49763
37293
43545
233452
151048
62111
46142
203122
30405
238153
249728
160052
158108
227998
28422
147187
239135
206557
175285
49949
57325
156802
97332
228659
135834
22694
158132
155749
116852
135831
106328
150984
199375
30667
7385
165563
81134
97445
258351
261880
172854
5602
203128
12136
156153
145122
108232
36403
20115
75303
150287
74440
32025
88917
201087
32515
221291
132218
192845
100796
74885
100123
41683
4594
30056
12275
183464
168796
194455
186808
83991
184641
176854
99771
230846
111360
201768
80178
86014
131502
154311
163379
80372
156256
23103
203327
75063
236725
199446
85514
239365
142358
22313
229627
198632
204459
199953
66996
252796
171958
12592
95337
249140
115270
237152
81936
163004
936
225848
240231
21772
164264
135357
90737
26406
213332
181109
69934
212437
89540
243713
66005
218711
215719
19785
5291
240475
62770
184462
51923
205150
7518
109947
118626
198771
14593
238225
234530
225882
248448
163781
242288
124878
213508
171708
18533
217969
59632
70161
143793
209906
121183
254976
176217
143015
241360
91658
124544
71087
220478
151037
143349
223714
2335
226698
197575
247542
156096
131815
229825
134208
36363
136101
154398
37088
75358
100322
129291
54888
12746
214810
174651
97118
111336
45177
22146
48140
185821
160102
107192
232742
57945
159187
177267
119018
52862
15853
170709
84888
135369
218291
96623
197822
164960
258064
110646
184201
241105
250637
181006
50576
142703
99176
256665
17241
125582
116628
58634
130451
200472
165544
177731
160651
69604
160316
144317
21371
69152
207141
133946
231799
82518
101139
200273
122938
223197
34289
64200
33677
257593
118140
139017
207845
173259
246262
123284
231724
185022
195835
247444
210558
234894
57571
100301
241084
241479
2228
252307
112112
91205
183902
115496
71629
259179
45253
104300
247767
260672
152856
245150
76728
110567
203876
36558
169804
217721
72657
44588
258610
28214
253256
152222
188762
232816
225458
47526
46282
231173
147235
191768
198659
256466
190495
261690
104498
126506
50628
115214
115438
112909
232683
43464
256730
241654
101468
65632
205621
2578
98684
213617
171122
47934
109006
66505
729
125995
4580
57559
23702
172902
260952
77499
250726
24987
177732
208853
63031
176829
99277
1048
204463
204298
175714
104070
140927
159459
78562
132439
150470
94050
39655
258221
143924
200632
246972
102893
714
53607
72803
130885
181338
125959
258137
99196
241755
144339
24337
29862
73551
26596
116173
47945
34539
107285
155495
68750
83815
132573
2826
189897
150193
7584
91600
113879
101001
214221
222752
197619
121823
242967
81727
214737
138833
82879
121355
187808
56229
127382
221162
72788
254972
242212
82749
101002
76390
113648
19843
38326
170269
231134
11769
91597
225473
68019
63615
115605
69833
116963
82672
21458
227458
244305
19953
88327
64416
213452
107319
29804
247636
101363
208110
65160
219681
141441
235450
215400
202577
127174
213798
223736
76928
53840
254248
118640
79365
164222
224507
228170
248573
65934
165031
244710
84604
136721
201699
200272
21288
189103
255332
906
132661
182772
120616
143149
50633
7944
153780
71695
155981
74413
1740
236728
178872
261430
230999
85541
71808
141111
245248
164191
141277
71910
110579
26968
152042
214745
86960
42925
67116
94329
236182
29828
41615
113119
93285
257454
42591
260385
189528
157089
178033
142498
46922
170953
34003
122298
256298
121463
57106
32901
136266
216131
87088
216134
69238
38294
252664
8435
10710
106785
227887
234537
158732
49264
227200
189429
112698
16937
108056
208263
226723
139262
161994
255229
106979
161473
19371
200830
198227
208251
129498
144944
233619
243235
168281
206981
35023
239910
140154
74187
150850
75178
243127
97108
81882
220064
206361
41751
97017
118278
242395
233184
226726
11675
230848
236812
92693
118667
87265
231031
134425
120530
113104
97432
181692
205335
11908
25591
256153
176824
216829
2115
43409
204920
124122
144087
98540
83920
18147
112811
137441
57780
91470
40248
184576
182661
9027
137908
193004
13625
256403
191970
47696
182300
147883
193147
135902
195179
208856
90668
255838
148313
13471
143024
222301
159389
166612
8938
155873
174906
159124
108785
147396
224430
159293
210222
47979
31968
15572
55920
146682
112546
40663
44059
52776
7489
236843
76496
191712
238520
148673
234717
88416
190530
155535
160360
246542
161039
203042
64506
255271
183133
105099
80447
254569
116249
161712
116056
192530
49096
180876
259658
3571
186125
34684
142736
227439
157178
156924
206097
42609
125570
70723
255421
230506
128335
126416
40650
160076
120195
241923
139043
51628
4666
24385
220301
136152
248471
70426
46794
86132
46908
25973
93688
117876
167057
107024
180097
34319
161691
239380
80883
10237
218192
176822
107161
199492
33993
65361
151102
158164
55360
89254
207254
249104
224459
79275
27940
235150
241298
164704
246320
143731
91361
184769
1337
229855
85365
56747
70380
252799
221551
14897
125810
15339
248356
191574
189848
105732
128060
85942
184829
16915
82529
50121
60804
259326
116122
157066
59500
171828
221696
225827
197543
79670
187648
192914
135857
191285
63391
173211
130753
181506
172044
201147
72117
49454
126423
100566
50450
68428
178810
113026
82653
232631
96254
165284
185066
58563
224357
95123
89311
38562
14761
35125
260964
31424
34212
24384
17335
91535
247769
228517
14814
176964
4861
151586
14433
167084
418
97367
139510
257455
212136
238857
12727
215014
154429
224282
16580
212781
101610
259011
127198
91631
84058
53961
73226
117563
34887
168893
65530
147789
216830
72990
60010
123560
172822
53255
78788
146935
14026
205833
155994
45148
3926
13715
58920
97966
111269
167875
109167
27500
171268
59468
89041
112261
41966
250184
127955
84047
150728
51302
81679
164687
6475
44084
124262
102633
24556
144953
168208
43696
120179
117783
251750
199223
157195
178449
165907
174990
214176
163215
106569
187964
57305
43343
248152
175451
175943
259326
167987
216372
29556
38858
247859
4948
35212
215765
185272
136187
124722
987
172084
180851
174815
34097
9183
236643
205760
222259
236357
39447
60109
8782
168369
113893
124431
184775
12965
246509
132544
136121
216735
240740
140826
191858
151167
190887
43664
240470
31411
93971
236373
120821
218084
34637
228927
225672
102116
119086
136923
229608
64637
250630
47011
115702
12286
238375
256745
17004
233462
45567
149434
205342
186015
105398
184495
30699
193655
94305
79993
55576
136886
98553
22677
254818
113219
84919
121386
188406
224134
47403
166974
65643
32695
214988
115587
256925
245173
193946
219247
21740
18729
211968
42468
106316
110409
147738
94890
80098
197777
134661
136416
16082
72639
77139
238427
51439
34095
28758
13236
31359
113173
187180
234864
109246
14226
143657
188440
53549
17252
163144
207831
5431
126942
233625
249340
5761
225411
153551
116113
185631
181172
169134
71261
122593
161977
15149
43642
32888
69867
214040
189154
62514
2838
258299
122840
43553
211021
80222
228984
260621
144403
196721
189756
205699
199432
89122
96888
234648
60198
37456
149029
45996
160715
103262
175095
97656
222797
175461
72117
227911
170074
80759
39219
233231
122154
22340
158310
200601
84112
41943
186694
124891
43979
216669
29805
244770
96213
68045
144140
234623
81031
137133
259492
163758
228634
78719
183743
12179
52864
198240
10751
89040
150251
217948
245347
71454
210330
223253
7167
211970
178513
195814
234764
139236
25990
139754
15379
81152
158417
37573
190587
89410
199423
104235
30759
236888
118439
192265
15195
111026
199682
214976
184183
140119
41392
122413
160170
135249
48663
167438
156361
14589
29433
30401
16321
91516
187807
105860
140378
158896
110898
178688
31795
44887
99673
121701
216498
258348
245516
112019
157460
145191
38241
261198
67904
105397
248514
72094
147631
125211
96146
58894
49944
25421
109336
28620
92925
190111
115673
119211
236408
67641
27891
56188
21270
115249
193806
134840
121103
82344
31893
172055
123289
21491
189779
217018
163563
78367
63247
12574
253925
95510
205366
52425
154157
25630
63023
125027
11923
43917
16950
109635
114173
82761
28759
122290
121703
7564
233651
148733
43190
60948
183444
217137
194717
253872
142521
186192
109834
152312
110862
198407
232494
257299
155858
206864
47439
212828
40747
152343
200700
101285
133253
153273
112353
88558
206197
39433
63979
207420
24113
43243
202283
237807
213648
202990
70292
150925
2319
89364
221401
171759
64042
136324
216706
228582
150211
123314
100472
156283
61830
102692
254697
220819
101095
179801
254020
175624
19039
236371
142170
97770
64934
235142
251242
196474
197734
191564
79130
159938
177001
18678
259740
156079
128997
255657
70115
96019
38172
78713
182113
38291
12079
35797
141988
9764
11795
25186
205376
118195
112456
238443
174652
237357
119279
80185
72793
170727
172714
213270
51549
178387
252761
127816
229524
175057
54838
862
203864
23847
143574
39390
81858
204161
93935
88123
176873
107409
63746
157269
101022
161285
138912
237439
57036
220875
75170
112496
105777
236586
121845
5531
230485
243358
246070
162843
179946
205092
61724
131074
84711
149527
34769
30324
182904
153586
132254
25387
216272
87008
62227
191812
71619
5835
228417
120762
249346
195561
101207
168829
152932
53351
37386
18278
113100
139462
187051
67352
59946
27122
20972
50716
176819
254534
199784
209469
206683
165010
153377
9707
249667
181463
24440
247427
45111
151897
195343
144627
44349
244167
42405
127154
29578
192203
144546
172583
258906
242646
239562
10526
252789
134976
123026
139724
227929
41556
80639
174456
75983
198957
240746
229888
195971
252282
223610
166108
21712
187686
216070
239861
126331
78275
133974
8321
16086
94270
176277
239404
144616
183506
111530
82390
170169
47743
180579
78221
112096
150518
13377
62654
246094
177941
35676
100155
132722
196390
59369
3168
62351
186200
78534
225388
138915
133638
232485
93362
195883
6400
118758
219284
235901
238347
122942
194814
37184
91399
20812
88473
180917
166308
141598
94352
209570
164583
4896
41139
192945
59731
103026
125069
189792
87863
230392
232133
187000
135333
36592
60872
192303
185383
162619
136549
140593
142034
56989
104134
109212
39520
7070
16521
79881
159228
136002
8425
155081
62962
77189
106172
107821
157411
55385
29815
18439
205269
116932
182547
257467
125103
177067
246843
35577
98107
18899
257922
193710
213292
78778
205450
77512
45727
217948
45869
261223
81393
77598
103743
25629
122403
20192
124305
26768
218192
203034
255074
243911
213513
106662
195387
108109
75464
245218
67876
200926
250626
167126
55324
226443
37281
102077
26340
196164
19918
116166
78512
242763
50103
185427
48041
117822
110467
51852
160507
199968
61714
242439
172709
100696
136905
139264
90350
161740
18043
204724
215323
95943
85210
255017
153808
155473
85963
176727
200091
51237
194717
90199
4592
201093
158573
119970
224405
138940
28806
113088
200760
212461
39138
92721
238929
117504
2845
58505
67477
96097
161659
244802
225138
238096
190262
209295
25909
45852
83175
206299
10737
198974
124012
168292
98303
21068
8293
191828
28900
54058
3545
158508
185508
202241
232825
126873
27251
124856
13578
195114
22242
239132
49300
99997
23979
226646
135687
204642
239622
65959
153427
37263
81419
162721
89857
91179
204552
209811
49364
74283
14636
42168
35836
6470
225764
36221
236294
95116
210285
177403
193495
165389
27803
65948
82745
254926
199318
28116
190773
59169
159629
43660
159740
8114
128289
49152
10330
107701
118297
245681
84256
73878
197905
193155
46513
6624
196562
66137
3596
232124
119059
183346
93570
176221
158307
153562
23395
181620
249056
103445
251854
98881
20758
116004
168625
140772
262017
196489
47288
247913
156148
52071
71279
125950
192185
47042
5157
28399
32119
66849
196742
84691
188938
747
113110
228829
230096
10614
175489
57793
14929
143272
159613
27269
61444
178164
246036
124488
120233
146700
92420
175265
217088
155668
154297
158094
34124
50105
24089
186715
240324
247640
173899
190562
87574
226638
95632
159632
149545
41896
140788
155364
184653
157367
233603
14419
250231
196991
75973
112149
226310
187782
144579
171194
237732
194288
115663
71935
151939
163525
142976
260251
140481
136416
116915
7406
71476
100012
254445
166561
130646
94476
107828
136716
253525
235069
38423
246804
196803
178439
222714
244534
55448
249773
119080
114673
135245
18855
169119
79512
204236
52229
10204
53590
206840
254851
203990
221289
180400
246087
104147
78942
88293
159871
227869
179260
61892
115307
49207
166927
255501
238265
18567
44386
243424
132338
81932
42902
90309
27311
56383
197510
7779
142207
51098
12084
227055
95767
169357
161653
72391
85978
166141
25187
241970
96722
220237
247951
44938
80483
153618
104837
161522
108871
65778
678
36981
156515
78227
185574
116410
40608
99259
46912
163055
74897
201090
223166
30068
39171
69082
211832
152434
55406
163809
176654
261680
27834
236917
4782
78152
255163
189490
219559
20608
114207
101295
166441
126532
148691
11375
250330
10684
20200
95642
93711
72412
65836
252157
246418
220576
226935
2900
857
105096
189711
203856
125936
50444
83721
72998
88032
28735
67600
217011
54434
253838
61159
243893
54479
22587
130557
93753
148416
48657
95779
13185
27342
173453
24924
80504
183806
175933
200824
121825
17001
179805
31479
168821
234331
203334
201499
38424
236263
18807
21110
36726
13518
190003
32589
197881
177916
235707
252575
12649
222907
153883
95262
261957
31468
14007
112304
58924
143912
121296
250494
164836
47360
1075
28405
231505
125704
211085
65223
4449
54581
223309
228853
243817
189950
55798
173222
78392
149147
79646
88770
96995
117897
216180
235783
196783
169914
242378
256819
79230
256958
150286
210368
161268
120562
215880
37332
98061
253046
184825
150042
180908
8453
227894
239792
53269
94817
100487
195003
205064
171907
111122
207553
95481
13958
22566
19099
119710
42817
68666
174193
192719
166763
160942
53511
166680
144829
165542
140188
223091
208475
160974
258888
156640
50591
145029
142885
129419
204058
78920
230470
243523
245788
98566
230982
200363
259106
22194
186193
89535
156355
199109
34342
102326
114778
206590
151418
183689
92668
58262
120458
163826
232113
243510
193814
29842
59548
260220
231815
6674
152493
164511
48033
196037
255585
66005
245011
135525
163314
35322
239368
1463
93285
162927
152959
130729
68485
177619
155582
146695
5882
16704
86892
31254
45782
92251
14764
111902
111220
19252
253133
151708
105939
206513
73406
75554
50717
237041
118868
67337
162910
80047
211319
172089
157545
199461
65347
75769
83662
208339
238073
21561
59213
78937
23413
49311
230067
28533
37912
238292
232713
243591
254635
143864
63382
82045
208125
162098
26861
173003
281
167289
143308
20273
179404
100438
242836
98079
98368
142008
109917
171521
220046
155823
245432
128265
221103
258155
113346
85994
117779
73260
61490
163976
45647
59552
14597
168556
257266
99313
63607
235111
110524
209362
111052
238529
158916
59281
157871
73034
49213
90060
259361
68996
249804
87246
130837
98170
2001
183575
26502
113716
114727
202898
62582
210849
17422
253188
188643
66423
131522
115413
438
237808
144005
17824
259281
66736
234055
183652
259843
113947
5049
12985
237559
24581
181974
148122
91479
238422
146571
160564
229350
200316
15006
244469
182188
41948
162824
126857
8753
205986
53865
156467
174763
123822
101122
224312
6682
236126
59763
147897
161791
126105
177641
227372
143417
8517
61939
187486
60686
47747
253183
152629
144362
258603
52268
163494
39517
2242
20645
166796
46115
79491
38121
4489
138066
97341
3805
255520
193832
213920
81117
148375
110645
51665
210234
234040
34677
124919
137829
104254
43347
160097
104192
19574
34955
138450
261820
234320
149984
163848
51229
179005
206913
180956
85305
262096
70671
115031
88587
107384
171865
121948
152242
56594
4115
199204
34658
111544
235804
79158
103875
202962
157726
57547
119419
183961
34794
186882
124167
72114
89248
258817
84645
65828
68572
16747
102482
222369
120430
11740
56352
231138
233578
61782
10773
131982
105402
246414
102093
245692
228859
181484
110157
156545
192624
164376
138725
254870
109067
209438
196550
110944
166416
29815
238404
10143
23236
87831
201998
170448
222978
122135
135056
46194
78559
162129
256579
175303
34660
10888
37050
195073
248498
244804
86933
20494
68414
164262
144739
179870
192791
209523
243129
212234
127464
29488
31133
176259
212390
125438
186520
43154
7305
64720
1095
3873
214904
181311
100584
20489
157604
115702
35584
248252
47674
11406
100955
234569
108764
126686
59136
98071
53446
58390
210732
192106
206596
33932
243025
92343
23787
187798
44350
189159
49382
17436
212729
49513
172281
6630
129116
235977
98769
190219
203911
215235
235501
72142
117164
23178
260581
27415
92219
222914
253492
52528
11047
165516
154922
18382
41593
69987
106717
176812
17606
175704
252500
43881
146998
66167
212812
157067
215212
47965
13577
152073
133890
113042
248106
18044
111826
60122
16639
194903
143941
15880
125886
61636
232602
132190
221834
591
30180
64914
239826
196775
195669
3793
237742
24978
231793
151011
4189
150971
136784
25248
122200
125759
20454
134748
80326
257275
124714
28892
60737
211618
153596
66537
46609
155094
73099
17449
38473
223442
166800
37735
213620
214936
163093
158751
20834
79567
224613
190109
119338
16469
207822
15946
112180
26816
165165
96345
141676
227756
113405
226819
56771
76129
140803
33243
44215
242497
227730
104132
131521
35039
41869
124394
74612
188136
177368
90488
194770
216137
4166
261577
246296
174208
124903
113954
245
129554
105001
104835
190056
234354
145510
101428
54797
220731
14443
215060
257609
174152
189198
147821
32183
250177
248358
216713
101855
122213
244611
74463
37051
175602
129505
250295
62366
229758
47875
177544
139503
195690
61122
148202
108495
172674
200356
173453
170384
198744
127389
70118
94540
238787
253451
213281
2412
97646
190915
208664
204756
39630
142885
238749
261066
24058
228724
147101
52549
175519
107165
69520
118518
137836
39078
14467
225420
163093
160207
16910
61638
126177
75986
213549
80841
194295
148048
178946
2032
23907
43737
171039
223292
214475
14017
157223
187207
147904
183929
169767
159661
17791
246698
22815
52276
82887
81633
119704
115711
203291
188080
11856
65046
101308
219904
156334
81615
34913
154792
182244
8887
260412
16633
222049
186490
205077
176937
238463
15736
71128
2951
82589
103371
103304
179691
151991
170826
110731
259815
236348
177839
122528
239475
233924
121722
11167
98793
133340
58465
67307
179459
8680
91712
240137
67778
179908
88027
98399
25787
198868
93476
155180
137429
154498
11020
46222
71721
230205
165297
103988
45740
98510
219953
11891
171325
56848
224725
31553
138470
172639
158684
70483
5443
118446
152613
3890
130088
167607
217847
239624
32177
46512
47448
182215
95607
60126
64374
200542
35249
137387
225278
30227
240735
87913
91182
174773
137625
251771
50883
110637
153254
204205
162398
38280
159454
40637
89828
228000
256764
62737
149663
201938
35721
182904
154027
172403
209259
224319
236283
248334
183309
29274
35275
29529
101633
156122
113007
14082
63676
61121
138326
240177
38885
135686
230455
216286
115636
91933
234150
188096
105769
251352
170814
115067
99796
192543
244615
55071
54075
206310
80246
234306
60225
121866
257800
135465
54758
81386
92493
3524
111755
9194
109417
149217
52664
167554
90262
43639
78244
39190
19396
197572
59592
238645
151493
194229
86572
52902
174968
85957
159968
190016
36172
239649
91040
221521
53770
20279
109960
235705
185225
226284
164518
6090
115191
156985
152478
81783
213731
11372
189930
253919
12298
20521
252543
108798
186815
21912
132990
92756
94082
219361
211289
218618
36364
72423
173863
45432
251263
44272
75522
2104
135713
128608
33338
199512
75635
140867
206612
9568
115398
76917
230319
163777
99878
215195
201450
49452
74139
39285
203851
41369
252704
47416
109468
71630
141069
160167
214565
238603
241174
236358
133184
243724
120287
145956
240966
71211
219139
249235
55468
147882
9423
34529
245671
146552
170692
227241
125004
24880
142148
211495
145163
120785
244631
233093
4394
133826
236833
40126
81094
22342
100813
181866
66857
118792
145621
34634
23097
69614
129634
20572
183087
149805
131114
17946
1331
33398
133967
261264
199323
195261
163540
155286
259633
70797
38515
28173
42480
145669
108134
12109
207228
62124
70267
18047
196201
65186
179769
233256
125253
128712
225555
115711
22509
53224
231335
251604
169908
251464
169477
84131
213654
42179
92528
88805
82571
182707
195975
148176
78282
208912
93912
59985
109476
104298
248478
138366
175580
44966
80413
32167
191303
226260
199770
130856
210144
113058
11323
153065
78661
43792
623
50654
254021
183453
133769
141329
984
156443
191039
222908
126909
125294
28900
87619
55547
201844
250446
57742
227573
1548
34904
2172
61977
13893
112040
248207
32447
121436
220679
40388
17503
22944
33072
27045
204256
147003
254519
170469
140232
200366
128542
181461
224940
191379
215992
239293
24338
27879
66199
198092
257519
167417
39537
132937
78538
104447
228633
109205
172429
114077
184776
143450
259281
136771
75960
197111
2805
130833
105801
99007
42340
207824
53736
172564
76513
158478
26723
140594
20626
218929
249921
92947
238857
262107
37873
99540
128233
193222
203128
229415
206413
45653
244018
120972
24942
16612
77911
226041
68007
211395
171374
11588
110970
141940
96741
215115
125527
46817
84822
215802
30264
35846
181880
40566
47541
1526
209228
202271
232568
42805
59170
95908
12878
153177
93357
255972
90818
218007
178749
134600
62781
172254
255438
129320
187285
233501
226722
192356
196368
120976
78953
2054
198976
113000
5383
62316
152028
223815
197528
219488
93635
175902
46711
51541
166226
73586
190810
59377
98177
172978
72711
82437
113088
53178
126582
79284
244786
127207
170832
246475
130840
163427
12091
109917
112720
225141
176127
234822
154648
42907
51363
254868
173189
129583
161280
215410
221302
40460
110027
217466
213920
160044
87401
132804
89475
9746
218100
164411
158976
254766
4578
55123
136947
212954
142008
188543
194887
140771
219808
178701
22594
253292
87354
207515
17769
214946
180199
50683
118909
25756
141462
149555
235025
179282
42473
261415
104947
117603
209582
91348
119747
175160
111383
149093
15435
30527
227860
220716
98089
80659
113697
56253
131359
23727
50780
15884
89921
109954
43150
23364
157188
181070
75432
196216
144093
260745
209143
99842
179094
123639
73860
219659
82733
179487
229257
164933
61521
261447
221186
28847
9823
94540
205277
50763
151213
161933
195352
70526
237608
19840
153044
249252
130098
24739
59156
95547
151335
171924
49393
79907
127531
23381
235109
80890
87739
189136
144984
47756
116092
242424
95282
134089
217789
134089
254660
32488
144909
122103
178468
212573
159778
81927
49215
38204
166554
244062
217342
161672
203587
50253
62315
222549
202957
34795
2533
112136
119677
214762
230278
186222
198725
235927
175796
187690
13438
238858
202515
67895
36164
216665
157910
251917
90273
17604
177681
54060
142161
64494
113483
973
217358
43809
148648
62982
141712
89727
170880
173239
156119
208065
147270
242732
219696
150139
83571
243402
189689
117594
76704
261666
92355
37497
260753
110896
6493
81975
117766
60950
170699
136306
2777
175413
20298
185917
227110
166535
85763
248890
164373
134459
48550
95293
230508
224220
2897
216394
92820
227906
24518
33057
238849
70026
39588
187900
108344
212444
228603
172332
4738
261646
108579
159375
104112
121585
131374
131005
146255
190735
244293
173509
247998
29331
202153
146680
3556
45621
34420
158661
194085
156472
134989
174484
90300
215912
139859
89125
64854
14157
201505
118064
18322
237485
47327
122793
123888
240757
65680
105580
189286
219326
188489
174834
45690
43259
125805
144032
212770
232812
192483
188289
143764
112386
15411
169264
254149
35805
178372
158751
4210
14806
55651
120969
229502
135177
64227
209455
160274
179961
164414
258866
261710
147263
218222
179511
59466
79658
180499
27165
189838
108905
175600
217615
95411
220565
47166
226921
20022
203329
2683
91640
22247
218124
73549
18079
211931
80501
244838
141001
226244
258321
194868
225446
136784
53959
6708
113415
82892
75242
14821
70283
199589
219218
211830
253154
41224
112811
251527
235051
236710
65498
173852
99751
139246
170533
132079
121575
129091
57970
224804
202903
118997
90278
44843
132599
26398
188302
57597
200034
83234
178520
50748
28274
148507
132343
45645
217913
87053
6497
46476
252158
160177
27006
148274
187061
168066
206945
230024
62037
62285
92471
43081
138908
86118
181801
121732
126803
7552
95185
57449
10477
194375
733
199662
217661
193776
96145
170039
62396
4104
70307
212606
140030
36150
82803
20325
242421
134093
199552
222898
211050
55310
59457
149362
113147
197696
230924
21495
173900
13219
31992
131951
31134
254051
75278
31205
35375
80254
75053
105734
109086
223701
175847
174821
40758
155714
152281
12791
141720
196344
209195
97049
59416
56788
236569
122063
200068
99905
189389
177094
27629
211527
158473
135211
152142
256690
132942
183573
115329
158381
101813
119643
141750
165528
116552
239257
174688
145661
136113
12638
49775
40332
131191
145375
79654
52061
91653
245786
18428
41803
162460
94610
124022
129045
112097
199773
212669
101792
89294
40481
187537
114032
137060
73730
207579
255556
101932
151952
12028
219953
93383
256549
102106
122328
213900
218968
90797
230108
93464
107664
150114
123869
245208
208644
108107
39768
102633
187154
176706
175424
97967
197927
47675
210711
84511
308
209498
35992
82763
172980
129758
59811
201491
198073
219185
111668
168371
38246
32281
190961
78140
210468
144196
39432
64019
174531
110125
58261
99370
152101
137548
202229
134460
184069
224686
250550
24271
121275
50133
174295
74627
186356
80015
163417
134910
78974
2160
161850
49260
200722
208429
186266
101334
96467
227679
12644
156024
34243
254780
229648
162022
118351
28906
107936
138979
188669
24840
124318
239102
99397
68946
70807
14602
100644
235710
168823
237707
13755
89619
136854
46980
125045
201483
27515
111092
115896
176903
51017
32817
76663
136245
174613
73043
95158
233387
65022
113275
26396
25093
169925
133449
259792
74383
134138
166891
139424
126305
233734
57909
257198
131931
224807
12356
5355
68669
203042
100710
161244
240011
172228
132664
155953
33298
115923
94783
262000
220463
133895
71207
164061
91259
111397
46979
249542
152083
33640
143811
156179
177028
50078
179266
154878
174533
152319
231319
119165
181721
126145
109043
109649
142592
63024
131967
228761
226521
30666
227220
59347
229278
60403
259883
177737
211434
224845
156594
79074
11545
228696
88598
59330
150448
159673
252591
168522
177659
220037
99984
119515
47250
133222
115670
21230
196287
87500
48278
18933
183063
154668
128862
159414
6799
2650
70671
224656
144026
19920
165542
136483
114270
224054
137847
66148
110415
77206
74794
191188
62490
153400
192034
207818
75765
224731
26775
5946
143243
200164
93996
239833
171563
205144
10437
53723
223920
158495
217683
41469
150849
237085
183364
19221
171950
118835
252209
143444
196105
206022
110580
212156
163740
177017
168801
221479
211302
100540
148544
155583
255775
136448
237796
131041
134293
156218
155524
164426
87956
221902
118212
221194
218530
62412
152857
205450
188864
242700
225523
22764
78929
37548
98546
83692
211721
224102
28113
28020
136903
235525
131720
157516
230537
30270
241709
55464
81261
147577
240287
11940
226489
65307
129471
154078
35098
34680
29682
219647
28684
4956
169515
90908
149974
77549
3624
70440
22456
64153
12721
89570
36328
195250
171177
125554
25729
105519
26943
188325
78793
127022
73904
4968
228540
123669
170435
182697
199423
256062
238958
184229
92012
123513
131459
62478
207677
96269
253627
149197
175975
77601
28219
76457
149264
244873
5009
37674
102120
60185
248896
245644
170828
54357
202489
124510
209094
251099
241904
173229
220096
119892
175889
255481
148582
71016
197150
82287
74540
14443
10328
50580
147789
229902
198586
92054
150129
14896
91636
731
160491
116106
184329
245434
59729
210823
6230
88180
66279
44637
238266
83760
122397
156257
114748
72236
237636
219559
57457
108356
122452
18174
71123
227352
18871
262029
213711
165615
156037
197407
90835
241939
207059
74389
49706
16138
186197
94677
239886
178407
241292
226839
113085
222365
23784
56332
8703
248241
108497
231051
201253
147462
189290
13530
84923
222822
259606
1042
190013
241845
64851
18298
50664
159084
39848
209346
240137
178824
105290
29586
211124
34756
193747
260068
182829
21145
165704
232792
105820
191903
90852
211860
153757
87748
99528
65596
138775
13637
167161
28113
146232
128104
179182
21164
245550
78369
85467
13721
53575
65993
124195
90470
31813
152183
211689
187964
178882
111455
113605
231156
113210
106490
69193
204691
87085
43840
85237
126632
161025
2468
118235
118676
201194
64133
164335
230776
158661
147422
201995
178930
220107
229217
24239
175112
83144
32040
235045
192526
31337
113259
28971
151984
44958
119329
152658
260769
229689
254056
23464
15795
15109
115230
158410
62532
75361
57623
142378
231132
255424
52023
217214
123452
169677
30207
192579
104790
224982
201659
243725
136867
144973
134651
48295
180020
97738
253088
47849
169588
221680
190000
25986
58354
197793
254652
109814
85330
19066
235748
224818
45452
220337
257729
203415
238160
136920
36282
102389
190418
194563
172905
17648
41408
209520
57229
233869
242398
190100
42319
16974
127565
84468
58706
125034
222349
22299
9440
139685
153298
200515
89207
69523
183402
137230
43784
92101
153716
206609
23259
90083
203111
96537
58673
228384
733
132825
204568
142332
61538
110985
12908
231818
150051
127672
104888
99080
98731
4417
82082
219909
122769
253485
90605
22030
178332
81834
14171
121433
206869
7175
164865
238485
220175
176782
199682
7015
56017
177238
24925
75639
126253
177734
218344
51171
181540
117244
117779
76768
192366
94646
109340
108811
251671
43776
186296
142736
25076
204309
172028
18349
57374
125498
184482
120648
11959
174162
78870
144033
214597
116087
157581
209719
171703
101190
13640
22255
9511
118723
71597
178590
81302
51363
177143
52762
49128
165179
252142
73666
155111
251154
175929
174378
139001
142094
106841
21579
124833
183822
30536
142197
166583
247093
236144
79680
38176
216365
105186
54287
246610
14537
212360
173337
237302
134779
198824
1344
234847
24897
96049
156537
214554
25385
143544
73671
174443
247360
164906
256811
137830
45710
204673
167722
143123
124746
14954
60999
82038
184523
258393
7705
102451
72404
178995
29511
228746
55756
101022
247268
46357
41173
197081
42347
89606
134609
106772
224607
144574
49769
198767
25788
238727
24130
18348
41186
9821
175436
53647
201646
234336
146839
243026
192895
163727
106176
157929
241298
258027
124311
194556
212635
52474
215505
255831
144700
124578
201731
47008
17378
175938
65392
95548
154698
129930
30210
22167
206830
66700
249272
133151
78628
16962
230106
108887
116226
125192
32336
7310
13078
60985
254030
207712
10136
193444
204514
86137
239679
120490
115293
217478
208272
218251
142968
1666
223195
104946
85434
64346
143004
161471
11084
238570
210748
126088
87968
214769
168418
47658
27951
73438
48269
122807
170776
236402
70604
149787
139723
36326
49015
161498
136546
109977
40889
204218
185259
75997
90651
248088
5595
61381
230161
188388
62114
145203
152355
92727
184012
7537
189237
100690
225220
56607
107526
1632
152151
15065
94612
244766
197539
203566
99434
827
231919
138841
212642
48815
130083
119140
5131
182082
35855
51356
38288
125938
137348
170053
101010
52642
165198
197866
67131
17027
7511
180618
97670
134846
232554
241861
164750
214931
57268
171297
257493
159997
32922
254828
212821
251247
2549
94460
130084
246432
6239
227081
169064
64207
245372
128448
134512
236661
25937
200811
60173
144562
175993
119
214503
41410
50846
40860
223694
240024
62364
46428
113287
89535
233324
260402
192092
159749
24612
240852
173408
233192
20993
97491
206318
194654
230052
2177
247181
144896
243141
63634
221215
32676
193080
139058
50787
205979
62036
128889
78741
75150
135628
117417
59976
228107
81208
142591
240762
136525
158725
198217
36177
172342
21659
260581
223406
103328
29817
132445
83635
233263
210732
80977
142356
44954
97059
117331
258260
142788
227741
134875
198656
39768
99371
118954
240618
63472
109610
237720
253259
179561
64295
236561
101591
51256
244837
139387
197351
235633
82779
221017
70728
84245
172310
215656
22353
241849
245021
176003
128444
223584
105992
191194
13387
81358
159976
31258
148197
13660
93101
128684
46767
145050
249563
237604
155601
224949
123736
156740
114377
97154
49843
60591
257518
247508
7824
115870
117389
194757
159169
237946
40751
54807
142532
21305
73982
42000
137437
93520
123775
25353
101501
252605
135272
42865
93038
26327
62575
86580
3691
31184
110105
187281
186887
97602
229414
228661
222787
126865
137412
121714
149961
118061
51379
50556
5955
145178
51664
247275
257737
145223
199847
52514
237032
200698
119224
127895
38690
151224
216909
203886
53569
206769
49493
27306
234480
109703
76246
72510
160708
236588
130591
246444
211938
121448
193916
66000
207050
168501
233160
172970
171167
139291
205375
188952
145121
87951
168343
191052
247452
93466
233616
48257
39003
105739
78956
27956
151358
234771
97356
260850
227778
125550
151742
107913
169925
184469
132595
116223
70428
93434
35434
90600
25932
186676
11349
164357
150292
121718
109799
251145
44004
261222
43418
18835
70136
223312
200865
49115
142596
110859
135367
95349
259855
66983
260002
254652
135838
145076
63855
95675
254445
36392
140511
224672
42446
105176
151037
219171
199757
30317
73989
25296
210890
20943
45687
16615
188302
59643
42617
195614
15037
184211
260042
258095
171609
203759
247314
43742
203212
237472
175470
189809
170856
192355
205606
157666
103584
92641
173424
193054
9828
96396
261242
159423
62891
225896
72765
91683
176961
156514
50620
176213
170975
81814
216056
215989
69422
49118
203719
19949
120496
203989
41029
146030
212213
156209
54898
19083
222951
256111
48151
196988
96664
54817
152416
168868
1387
245815
154054
75986
197384
110678
201793
116746
243756
152217
60837
157594
134956
142417
106324
64989
228404
15267
137398
34334
92
244565
3679
256317
168509
252609
248623
246988
66197
86636
212671
130789
196158
201860
55358
237003
225732
189780
74232
1901
165013
189436
179489
228110
4353
225389
43821
152233
15258
142418
52841
161624
103850
47439
172704
139372
153136
149744
215292
249381
3245
189648
238050
70499
139592
253170
36965
210389
165856
135571
70756
152985
115120
150631
22732
14470
104631
18160
86925
119453
69953
198807
83835
145626
258834
97374
178759
150391
5117
243747
30790
129817
183678
202606
183131
225190
260868
104935
217999
198865
34173
39801
99535
227432
20980
10285
51371
214843
15441
143465
247603
236128
155789
153052
187872
12972
38272
140529
256350
211732
22789
139098
217276
251274
130068
11669
246383
98379
110051
149355
50402
177668
64531
225681
167181
206597
205492
197
240900
95388
115421
72912
155551
252250
64158
72741
138298
139342
192164
30389
117800
154694
216874
183493
108552
176153
57942
106774
158832
132809
60228
102184
254058
218070
113588
258291
18274
186156
156111
233907
83042
60086
200244
169698
201206
133608
52039
159766
114830
159669
198493
122663
245119
132883
235886
230506
226130
77538
62115
155614
36120
7849
243463
72256
237944
216111
18275
261181
223481
21967
122459
103639
246294
203356
4880
190372
211251
17662
10928
145683
28832
172922
146165
132990
180328
166975
184094
109055
27076
172596
219222
197230
90716
145145
229087
141157
86194
31797
187432
126902
82896
222288
65974
168645
144656
50879
143742
24063
243824
16929
125882
150833
258148
218075
79536
251074
190068
137712
197589
110484
195073
121416
178999
130784
136921
176531
205534
94041
177110
81239
149315
132745
128596
193046
234743
259218
58306
3191
237637
121364
213976
258441
237107
258124
178772
207351
146143
175577
81937
9884
109712
247481
19392
94452
198434
14123
15241
65274
178380
43135
199192
198029
70026
58515
8867
206907
91055
164951
89091
52610
72589
2815
16070
86198
223969
242679
181742
105389
169239
256045
251438
115859
119624
22123
17021
202386
192852
67213
50756
107985
156747
127155
250412
190838
159930
182458
13952
141045
77437
244141
119688
12643
218940
111341
183254
116592
159892
13044
243575
182011
137122
95516
221696
191397
103312
229551
242685
44622
57259
138988
74318
45964
40894
2224
80016
17783
29176
242194
91287
16189
65839
174476
231536
139248
41286
41955
41493
204858
254741
139182
172454
28851
102135
74770
211644
207948
131949
168398
120847
11523
244176
214123
64258
27889
56359
44991
201064
95599
194692
81817
181298
213297
19064
110320
53526
28697
90752
231146
219994
229673
203256
77151
140797
189248
164184
189735
185883
150984
200688
171782
27783
129340
229795
29515
56736
73900
24479
228484
224147
101798
120626
102810
129924
24859
23690
73271
253383
19063
231691
80529
132320
22545
156828
232252
137018
136987
124663
132039
149857
259481
42981
245371
107087
21858
204270
130322
248932
8050
58829
167771
60846
202786
73466
259870
81763
108836
105398
92880
259198
12874
66351
197891
14869
93263
241146
63913
159488
46206
20283
252588
89774
60384
106752
70461
109913
58247
228975
228178
20139
204195
202237
57545
163122
53823
216350
27529
147279
14541
99280
12693
223791
18544
152870
137194
165454
235671
238660
25460
59961
2717
249492
6531
23191
218057
249890
95355
22025
165250
172982
248961
192510
168696
20872
10862
151460
186644
226727
179654
5833
144105
205385
237953
105171
205613
102993
2281
58622
114361
105533
79254
248755
110986
92448
259493
176999
182375
49960
151829
119003
109252
173332
96896
260988
64723
186372
149960
106190
246387
243136
150155
54434
173114
221178
8369
241105
75126
67110
66424
225790
207858
157014
137457
115897
93107
28773
215894
84854
11070
46116
157381
71976
62246
137050
113605
241145
121429
166514
182429
236532
190612
144064
101236
100546
34787
125491
70234
233802
211118
207662
135774
222998
1807
176125
232806
256889
138694
24203
210425
211134
193061
144905
69304
64078
176526
173500
53943
19830
74736
72457
216299
25913
175605
218917
202947
85793
10135
191583
177260
22802
182806
51633
141649
47597
148308
202398
81428
231612
55078
130868
144029
140336
103031
89738
256455
203362
101862
153787
259020
76560
162061
107201
159154
108447
84802
105999
642
103512
5685
28262
214362
216605
56845
177409
71867
238995
229564
39072
221840
258310
163279
249387
161448
153218
184573
108239
51804
161699
216429
101603
184798
22411
256319
89300
174123
4194
65739
208562
55224
84454
24426
154602
240209
61990
29878
55093
220459
186612
254768
13653
257930
97530
35634
232495
24629
142161
221742
53881
64901
109028
189926
34965
219335
11267
137364
171173
160004
60265
217193
160118
70929
43675
101434
198784
237277
86078
129611
18478
251088
133645
209861
135309
78253
95727
123364
24517
136783
200212
233675
148226
2951
220357
237716
146408
162357
211674
117496
153850
53757
259649
129676
13703
116356
191710
52090
82256
19234
246378
156390
117851
261402
206780
117982
183628
213137
9204
16361
220319
155055
40804
60772
138478
187791
134004
79328
133550
56600
22298
28626
133041
53937
239638
81331
226991
254946
66419
165564
70431
180721
92073
142664
24150
89041
117916
35749
157880
99504
140774
16762
45957
104991
137671
255130
243926
81537
57734
251989
83029
30647
52596
248202
99994
77994
69668
39138
223196
186009
137931
40564
92198
117312
135555
125896
114262
255703
18136
29224
185252
73817
152606
52514
193681
26907
60575
147391
82469
81548
129335
220561
73150
238109
132374
86612
61464
103298
227405
36113
82009
192840
66212
201620
143775
209616
44209
191652
173331
104856
79343
84290
121620
113139
49934
135870
71037
44821
169651
261544
37975
148744
254641
69309
135359
165208
47120
111836
27662
71461
77591
244533
221796
95532
180649
20195
153942
51037
175567
191734
32104
164417
142307
164490
203962
48951
8786
89610
180196
10135
586
227381
148186
238587
155494
149423
235981
201829
258257
230153
53283
232880
158693
16964
163725
167172
125161
188253
254095
248710
56831
83158
70079
71531
212554
48160
64324
27205
149769
236718
254979
25541
178326
82683
85609
171636
63530
87262
88346
154989
