71305
89265
122066
120719
99024
224459
77476
203664
221007
73750
108011
187522
794
213413
36330
106026
136900
185192
53007
115752
89769
34375
156886
218650
198685
71106
230933
3835
225214
143231
76827
76266
241195
61028
18826
189991
73032
240476
252144
53147
128474
186898
153226
115324
17046
106104
176404
193878
87256
122366
223185
153285
163521
218290
3851
237697
212031
187633
80576
77437
521
220516
236629
258529
96901
27646
40247
86996
210991
205550
88240
250227
260539
191253
16123
159736
15938
114446
159613
77575
249781
174696
135772
238302
95706
215090
107869
101333
175908
109422
127582
42621
221972
234583
241661
207430
174742
207091
54803
137382
261523
129992
160859
167271
39112
13524
169112
90319
72776
150867
92866
19426
232356
35390
104684
181597
261050
105312
93722
112410
150466
27844
229485
78479
5870
134455
117195
60528
139654
160265
229292
247750
131111
238448
5918
181595
132371
241866
8584
20411
110101
129363
70354
221585
213162
206352
167041
100167
205778
159348
107614
83286
63866
208325
99880
10174
150764
206178
192460
88791
130827
59929
89850
3675
182960
52137
51107
181667
130623
164471
190228
82629
202240
33615
82048
194663
138428
222583
27833
207650
59211
193299
153786
224872
258330
3429
232083
75391
30846
197433
253971
234093
1440
44414
196777
25463
258917
112961
194983
76391
225348
114378
192440
214304
41520
149221
178912
68743
80340
116383
163825
185874
82842
109810
140870
103435
167028
44234
118712
91437
41939
99626
121671
28120
228290
117179
140262
183972
245795
217556
138628
161670
10995
231163
58105
198639
196453
249830
158046
103001
146422
239286
100141
124294
252034
229896
92950
240690
188255
209549
31126
237036
42636
98223
202246
90259
105836
117086
252443
14088
105283
1165
16906
138178
228202
23347
57024
114229
258319
206867
54961
7942
210369
169047
63847
170861
53604
3111
176419
73461
47111
237151
50426
215509
16753
46408
50700
22245
252588
261443
53111
116206
125810
44648
10393
42582
70277
194240
67505
66389
106057
241513
9398
22718
32658
215144
131171
226663
141297
217035
149367
161735
21129
148754
235660
247061
128487
175280
134496
113663
77546
3
155890
247320
195578
139157
102121
238982
155763
242668
165364
199273
59764
134037
84825
191976
194991
98292
155432
165538
89504
53421
23910
84322
132163
215494
120526
219246
34806
214544
245795
116907
239751
139600
19987
102963
149955
123381
132951
243578
24691
124552
156467
182703
14710
13191
214897
234850
224883
91937
258375
17293
86093
112578
215482
124488
246935
54555
50009
161137
262112
69021
254660
14242
135319
436
64576
84241
223258
192982
2786
156681
235253
89651
216392
68185
19958
83779
126833
213767
220908
31543
5397
260190
165896
27105
1356
116644
230671
4300
258267
206796
256953
192415
104559
253750
202373
14361
57235
59178
3610
259652
117192
44375
106094
90315
13121
156239
743
24318
76579
44252
20624
120854
25585
160437
19620
80374
79853
150954
43076
78600
106648
1591
56983
227443
200167
52133
128688
141865
126028
114779
85765
31164
207633
141929
122873
232541
71209
182844
240423
178561
238143
155300
249430
195945
217862
93165
109328
185035
179025
138588
172908
186355
29813
25294
148352
8461
205494
105627
173385
179638
174954
169091
222473
58431
237085
136144
24890
199029
252373
89890
102483
65688
85427
233085
130118
173235
143944
78
214830
225221
67016
60947
90135
26507
69965
197720
83429
215633
194292
43861
126759
170961
13585
60675
103157
98984
116658
250921
242617
85096
238609
90538
171431
77899
22739
38813
98051
215629
182673
81282
182417
79058
132004
153138
150490
108277
30743
251586
166228
203191
163336
81498
206952
122199
249492
242238
34781
12736
38574
68530
215926
146638
207897
159287
4565
91905
238756
258244
9019
21307
215707
59480
153859
125672
241688
55574
16772
237795
89313
249083
230075
144963
65873
4286
72321
144572
158954
108014
127217
161464
125142
221059
81443
111087
172958
98681
86985
245265
177805
53039
127716
210868
25033
19533
192912
36154
80091
55420
156995
235617
10496
157484
210355
244373
144496
15904
185284
88566
156124
77402
223479
244158
175995
32811
251441
21753
109823
135402
159647
254707
215344
160149
152819
130982
123156
38942
214613
215620
106791
255284
99019
242018
57307
11670
212526
3911
226745
148257
106581
50105
21526
24881
200768
31863
19952
78950
155485
126839
45877
1413
212311
58370
214492
154888
78125
58892
249613
173995
239107
72778
134556
136821
121131
229902
27137
33179
199349
20870
4109
94373
240457
127441
117769
259648
157658
13095
47976
101807
227419
230233
31997
21309
201249
56374
218713
92927
240907
21974
22640
230398
58249
5283
56612
52698
22482
98851
176096
170755
256719
16778
110297
252628
155066
30128
228778
179461
259286
67206
42975
123914
119401
94830
41890
73291
78127
77293
91541
161136
98385
150337
22211
163582
166511
60227
118282
38968
12538
156574
64085
130648
55351
36091
254181
213345
231570
127923
148076
8125
208601
140540
116903
83029
16114
86213
216304
135897
25496
129617
178311
154836
54950
100556
248716
167686
172340
105309
113629
164819
189115
97127
242666
26473
74007
33628
23151
22712
87345
188480
162954
92886
21412
88990
118232
153487
64349
107081
40307
145240
256480
70169
197604
35445
9451
44513
239650
193619
148471
4015
67938
171608
254593
46378
215895
70176
206795
22937
225187
187475
68850
80414
62783
144277
209309
139742
229996
150850
90304
237575
60523
2659
153352
36683
97699
228111
180525
104477
140630
219567
186576
254264
170986
35186
147394
212328
151429
42622
31404
229499
56203
7880
171867
205684
76997
27239
52099
249670
174740
126738
176983
236179
145268
210943
188293
78764
134553
211821
68246
64989
96346
167324
253134
72149
114941
2492
221517
144426
133784
134109
232943
48884
147006
71030
77549
33943
240257
53322
26138
26718
10264
53924
89480
51957
29338
70678
143465
49449
231479
207033
59026
229660
171181
171247
169960
250959
247689
57701
57117
36034
191506
27181
176249
234454
181050
243832
35928
45929
200658
64893
136242
198421
129887
17009
23789
242600
97997
97680
119981
34439
6941
122035
652
176064
68598
50856
212601
192414
85664
40529
72705
89004
35879
53889
93276
22362
133887
190865
63781
142124
94168
183783
241821
45183
115192
149482
228857
118390
126269
50297
27171
252786
213710
114122
109484
258793
139871
259673
98952
46162
160265
80279
26957
16755
129559
113532
117413
172565
200543
205756
99213
38127
251274
242655
21521
11122
30228
249774
257464
27881
107
32420
99242
1665
25645
16402
161300
80369
31702
198315
172633
87574
118542
12710
117515
137546
258833
117639
43151
6653
166214
79942
1300
148640
14178
69439
97657
163462
73161
224861
127270
175863
115928
137121
139296
168136
242712
166255
134760
58836
211572
204040
71607
63329
139276
96039
199109
77928
32748
60226
177660
145425
110975
10756
13740
130353
238642
174750
177975
113695
12843
201597
160527
32873
9194
255187
69943
166929
116170
81225
257940
103850
247486
85804
183835
30325
154649
19650
234437
161472
126317
23849
195647
137884
173726
176749
104607
111495
239597
124620
88449
81102
75483
8931
21021
239807
202275
21862
228477
135247
94351
63145
118645
212948
168512
109263
138487
238848
144085
159187
114526
27639
230020
169068
8972
152509
108019
152312
134657
175462
7785
134105
163656
241646
152830
190751
94713
35388
86357
335
244039
230780
220686
132372
63097
6204
146499
233721
212615
169722
239134
246626
49805
252565
232315
74742
9314
76513
112011
196490
231345
115878
5236
67317
134427
8981
208192
87833
241050
118128
202424
110978
36003
100697
255352
155466
125042
185585
261838
192953
31826
14859
49114
117067
126332
151087
59410
170017
50507
45436
129403
32051
93397
36571
33031
84385
144887
129066
253009
22846
3963
80059
150064
62580
243524
180984
73917
184550
83917
146883
7100
88947
31380
78743
180237
56569
167202
130074
255166
137226
135315
84385
203025
239950
184563
178499
227622
44221
203836
235984
181019
107829
256719
61711
217348
89080
52252
260862
186054
117693
106417
240674
117793
71031
13846
118190
107280
157408
236234
187870
41307
182686
162441
233778
94500
73021
177883
18274
73401
38048
217218
29810
35870
218742
5980
167224
154763
256288
142388
150661
262119
138524
191821
96385
212011
204818
138805
13941
183223
219314
28336
41166
91904
93483
170459
20890
66525
150568
217596
222778
57123
141823
43865
51343
227659
55145
249232
110869
21317
259855
135976
118523
225066
78493
180961
201020
77554
170840
82582
10069
162965
170599
68066
202139
11288
20858
9770
164110
168770
148509
110707
90688
221793
231035
48267
225980
231875
167855
119968
139275
2371
54441
237624
148628
27696
33076
122033
176800
260342
100080
150704
46120
24727
84891
254552
45906
121566
155397
89822
218876
222714
232349
89644
5863
14556
69581
66717
164504
238391
106595
195796
167078
95713
125130
8966
221242
215103
248511
73510
140764
240170
178123
158928
40980
259081
135987
205959
110920
205413
14480
226111
174866
79615
50086
254563
186026
71845
234504
64230
89837
209469
219472
250649
236003
97811
209784
135542
33517
8516
258861
71031
20060
184931
66912
163547
39628
158843
115113
3792
201576
201111
70654
193771
234693
221494
40854
122446
81769
85035
132949
70471
110298
24628
185276
45443
150489
166862
247152
190638
189085
74156
74613
93938
49324
111196
84769
107634
25061
232560
195576
236709
220079
2703
91479
184757
146408
1411
256680
165670
111302
170434
200944
260460
194779
215157
255653
39117
214448
260333
73106
76586
180397
224889
92413
173833
47906
48383
241599
169115
6675
11579
157943
15987
224171
43570
17216
7308
223792
117933
20261
202735
108035
178259
99514
130462
246825
143757
12992
1991
33505
124513
184245
117332
19901
25045
195905
184027
132912
63470
204
79578
254327
220896
51465
17290
136603
254064
210316
187375
142297
11488
18280
225560
95929
136708
94635
102430
40455
55276
92877
144082
142646
217095
39827
152460
161972
181993
66576
226373
177782
71912
23054
251506
122721
214638
252043
108461
142210
116226
52742
37828
94322
90645
176664
121540
166208
254314
133579
195366
164776
41652
912
132725
164386
217289
254025
242697
53736
168785
98054
1978
12856
157524
66259
239412
157725
163086
44801
203809
179263
239958
107637
253514
133390
230021
20693
199898
85309
63935
124874
88480
199792
133088
230887
164920
38508
137348
182319
72997
220724
235940
17064
125288
212958
191046
80185
113933
11004
21699
136738
142191
69391
145461
146990
174483
171169
255437
259694
177312
229243
162649
174144
163831
26833
226099
230747
179703
225952
227175
254303
165770
63252
43800
187330
161335
141881
14353
245683
181217
67510
244133
121255
258384
143671
148018
119297
188241
96068
136845
146759
59419
215176
172108
230983
188399
179434
156299
15120
209222
173280
83187
84734
18747
46897
130963
182760
172860
8064
179164
71452
206041
182490
260643
125375
34682
76444
205870
236517
126888
217297
99297
219333
153057
214127
33698
81253
133290
104039
167779
88143
197915
167518
83493
76723
113194
178529
157718
194907
190657
49764
107117
121316
86996
239383
18244
236363
214384
144828
126767
46718
33063
169585
179771
10442
248333
66768
75288
25367
236630
133266
96994
17886
114021
64465
94081
99659
19085
115296
107678
207787
139938
237192
108160
169632
39111
140279
138919
51863
197970
245499
111554
59755
230617
41846
51922
12177
251432
17568
85507
64224
178595
69044
207137
12285
36497
29398
246235
75129
3911
190645
26052
137944
64945
195836
213716
85765
164204
230131
87782
13655
14424
153695
223010
169162
107013
25050
113259
114032
150295
260002
84772
145322
159162
188082
254509
31322
31355
193872
220559
114804
258524
234500
176419
173786
181033
143546
194191
73404
188483
41501
124501
37922
245703
108935
391
172028
124270
252746
231369
48624
224387
34237
31865
88382
176912
51415
113400
76156
163214
79852
68437
120516
99947
38384
42355
156752
119392
63490
141756
196049
76924
155002
123900
198221
256714
153452
223829
192487
170335
111014
237664
56305
99424
142990
82863
245406
157669
71387
172302
230745
10918
8837
251370
108663
240874
208474
180587
222206
146061
86977
65058
62321
57831
135470
228190
59500
9157
97897
119568
194462
17636
160317
251659
117935
71257
238445
167862
9783
129277
135547
154578
38138
68191
151171
209696
8871
27106
245271
169540
154997
26940
64382
112816
28360
65839
1328
207035
41984
8395
77816
66786
87977
193825
216551
131619
37985
251400
124789
65455
166902
41467
4022
9268
40259
28040
21519
130860
218359
128808
58594
217120
246257
103754
103923
115446
155728
213114
130088
31369
151037
174186
83243
78511
4867
176496
18176
184505
194000
97614
237339
111797
129180
88419
237069
72880
138157
235445
132173
236694
191758
99369
156519
147858
35997
160907
130930
157407
158348
23907
28469
250383
131360
138593
160121
85903
64423
84074
191147
105027
224577
226103
109322
43581
77624
166974
243489
261037
211115
229842
252672
178641
118800
73601
49757
243943
41262
227337
192954
254700
86448
71416
173439
46717
161836
205011
162529
10473
182581
185830
125562
118567
181642
225937
32986
160938
129989
1138
92939
29530
236090
140170
68105
11188
118135
105561
94104
245847
109476
103630
198607
185937
219691
198230
122649
174864
202244
243632
80767
152762
11496
93392
256949
177813
16837
124358
112753
56862
210219
183001
99537
43155
107
171168
210446
169396
64446
130057
72193
10362
208884
63427
10367
19998
123882
22851
18077
103041
131476
204281
228042
221690
102467
153079
7775
228841
47553
248977
230946
7647
96661
67338
196995
241415
108418
200769
104786
174775
73502
222518
243186
180837
8073
22700
229374
232854
23131
143044
58473
157135
108211
74492
60651
160140
210349
43970
252624
83341
124114
57211
97736
140333
145948
19897
166996
204171
258615
24321
119163
10372
15371
185601
151020
173899
138274
170232
96803
136811
213750
29495
42629
2909
60355
115474
221614
4726
236232
190256
71462
243341
185245
124066
15990
249365
59301
99766
33546
199274
34393
172641
68243
146928
4206
209537
31809
91424
205594
107966
24593
112635
96660
155395
28458
97305
36937
208664
237647
152563
139703
144478
160728
186106
146390
176450
5300
76469
149096
209884
58568
5430
117425
206776
72157
102574
11499
203585
96101
76239
74487
101007
226224
22047
87803
52546
62545
96596
132385
245312
248172
129785
136577
38740
115305
204032
11619
199349
34986
97231
231484
122763
180002
64410
54857
191221
91422
197925
7852
161479
195371
102144
113192
87896
203076
257425
86199
14334
115257
224044
73561
135682
128228
192620
115693
217420
259167
156417
77267
149684
226936
102768
17002
7485
95316
237510
116717
164129
212218
50696
261204
175821
235857
182898
257863
103958
35274
21826
209189
235804
138010
150263
142455
226998
21072
150065
74552
200019
90688
62692
168197
57847
138703
85281
6002
154147
219503
91357
203459
17271
151762
172051
48608
241398
143840
219860
160220
62905
199889
211277
487
150386
90170
196320
236208
169629
81661
190512
250588
223217
233830
100140
137772
55957
108555
164456
86509
33956
210007
72938
21555
257080
228490
241848
190750
61231
248511
151578
51435
214842
62692
57702
27982
119341
63799
123742
150995
156514
171249
190065
47575
6622
114832
92103
200364
43506
164796
162955
86484
2493
208676
41933
259761
118112
147893
147607
245221
150402
93061
92219
133446
112433
40992
113910
34257
41300
172302
186890
188816
71303
76288
235066
223167
3026
54548
91531
251020
763
73237
86761
189007
199276
111490
122295
109259
35055
244143
196652
243745
22532
204657
127647
234150
10376
186543
39243
44114
37267
34960
221901
47947
224808
174224
208879
222591
232126
79513
252668
233269
161731
156256
95049
230995
124261
22538
162925
143378
13586
152816
171867
182752
138198
56013
83951
157209
212173
94854
131735
119651
213175
178451
69510
85612
52696
196740
99086
66499
182205
260577
5036
128559
232810
225358
134
24237
73713
247184
94800
76673
179577
210307
115436
220671
8483
6171
140591
88248
124744
10850
198141
221132
192333
235894
198015
40044
125272
242017
187016
193572
136615
19620
170251
242030
57666
38395
259723
3516
181529
137240
46259
57743
60523
55824
234217
137985
241800
62986
30857
198140
132789
259919
164163
213643
34765
86778
163665
31441
222522
129840
206971
191576
237502
233251
55691
239721
59490
184676
187857
29570
239566
220302
207639
142315
150535
72916
162796
104829
108695
128036
162381
22017
169486
103803
64536
232301
185543
119916
158222
65673
100444
173058
54612
47292
239729
36993
230448
135285
10850
140532
217847
93612
72372
209284
183297
13400
133485
209972
79598
37366
159008
198502
219547
112842
41402
250421
256524
131659
135426
158620
98750
195610
214824
14978
99727
46792
170498
147967
82093
107186
86972
78313
104204
47841
226644
16132
198789
261126
92688
4591
219034
143828
15960
93778
158774
138647
33203
207397
193131
10520
74342
57238
76378
102606
250748
204661
86324
165196
220006
28015
224574
198164
142025
193569
53800
108094
250213
165524
166874
28367
125730
42232
132598
203633
204372
172789
146103
11609
233603
26688
45625
115256
102181
222909
225119
21964
123984
193201
164853
248586
185299
29259
97165
126245
93257
86145
90887
21535
3412
24311
181537
98200
168013
182837
241546
48123
221761
226915
71844
200001
126921
261608
192546
28306
43220
58357
34457
172464
75137
260716
290
53591
63438
210109
143844
136954
43795
210883
109828
197271
54115
189024
119293
228409
22350
147647
122171
45648
28703
97264
186455
228163
39293
170677
150543
255810
130889
4462
203921
122146
31963
37790
67135
175767
261299
104796
162253
206881
176236
225147
122508
167438
120805
151596
98092
106031
133063
160905
194113
151937
183243
116824
42709
56308
51186
75712
241044
26527
186465
247378
201927
98075
110886
195984
63971
36078
119573
255565
130145
230064
33377
243484
4158
93130
82101
86680
138499
105678
101694
148977
96306
214119
213418
222257
260010
136936
4058
252268
43901
240622
10872
107734
188198
206648
6496
252636
208948
175194
60061
231295
138017
195974
146171
82780
179778
83524
95882
255085
121174
237492
4413
213530
94392
13692
45469
244640
94910
33917
236311
173330
183168
17841
62935
107547
119531
30658
163382
39318
206141
184166
207802
73159
206648
43824
80443
70464
244093
97178
11936
15714
820
134647
80330
252168
10759
220244
74017
65666
169933
21444
6776
262130
43438
128451
71337
52829
20138
41348
91993
202637
144359
140167
204156
37039
176891
117168
261808
190404
56966
212431
225255
88724
85465
244249
195828
136901
126310
173458
13783
84822
202851
36008
205646
246189
115710
136082
20616
255788
75832
178808
173392
2710
51059
76696
86588
146171
228249
139974
133879
42134
98079
13178
238087
110955
216267
76847
166499
260366
159008
162375
261438
201532
9593
126715
24217
65370
166675
76038
69494
81630
43918
115419
67621
179657
235279
174670
249106
247534
187832
36934
115609
246615
29652
53247
123713
149728
238409
117312
113666
5328
243372
39103
135489
238011
179606
32729
206605
36954
142331
93223
175285
51683
52521
174545
247191
56820
89750
195476
27135
121914
256816
140037
138790
64434
98708
241796
26665
207695
134407
62871
73984
223872
44969
203709
240657
16265
187933
167058
163517
149640
152851
164792
211104
171138
88993
75417
11217
198818
71976
146839
24968
210754
206517
58212
248678
32759
229297
95828
180102
28171
155531
191924
1948
174448
162994
16585
76056
227176
151205
121924
239873
4152
135689
135343
18254
257433
178218
132163
228930
5431
119217
22910
116272
128502
124789
253904
89416
203749
89660
201418
242542
137417
253730
7520
148738
3225
49316
192145
129381
244876
261889
35069
53658
242155
76286
201484
190037
117463
10005
243021
78864
232576
87153
85054
136417
192846
30650
252670
173589
53952
247253
225587
116260
102523
188516
318
68774
256657
3200
119261
84797
261242
5205
88206
113156
111439
131359
83133
180723
89773
137907
234774
136816
61699
127223
238141
2031
231910
101452
166539
235186
11422
657
154764
33412
42868
224144
2386
216957
114026
136696
117635
150671
6646
80275
184966
28231
2687
64929
105646
84674
46105
37587
176483
225432
226056
41054
45699
69865
75538
213010
12562
234967
172513
248036
159289
143033
199104
128662
1337
237840
244070
246982
172081
31380
83909
67342
167620
208082
83269
64889
43796
51263
79918
32429
171784
202412
135922
196203
202753
43992
84957
147393
198436
257185
211467
43608
238059
146300
254491
241913
191635
250074
136246
103011
195954
70339
223335
1223
117803
88481
53001
67892
190245
16188
89209
89012
8475
6031
175617
57293
155501
116728
26590
51288
208427
122520
16963
243780
242725
24763
240570
182580
158109
72848
117516
249223
160962
150615
24641
249118
233986
12107
242407
68676
153359
32884
185246
239593
133580
18382
89630
73308
176563
145264
128948
247794
234689
204604
86214
177104
229692
39396
236239
255692
236405
44272
190137
20247
130275
21641
140350
114866
204237
162930
164440
172559
219415
256210
149412
23850
163963
179363
134816
234395
60220
121521
228572
47722
110314
15928
186920
78706
173285
175740
15222
160942
111725
213245
166560
105460
72366
230771
88847
174082
205308
181395
88473
81116
7105
241497
62293
146582
151862
86377
111974
29808
10152
17108
116902
29248
137979
183447
150395
246497
115440
37533
223150
251476
200606
205241
219396
169247
16930
137001
232316
40274
55462
195878
6737
46678
251532
251949
255481
240878
75968
194375
66085
19635
59143
5554
34734
7912
158915
45681
173688
251165
69703
95937
50248
244663
190741
82745
197662
248403
134638
43222
26553
91358
123284
208339
154763
28190
59534
217944
187163
187453
168086
84305
227733
55902
39856
238309
105948
207325
207149
250142
72229
260425
217718
249132
12510
148833
216219
66243
247986
9413
115542
104013
34334
96295
163654
180327
162932
138971
214568
237039
198916
228937
162046
140787
194387
214862
199757
184778
46858
133866
207481
174597
113399
151338
253809
73343
186288
44244
126166
27988
27866
80327
240918
27567
36340
177047
15462
202411
112821
248240
24882
6256
156582
120942
149415
119993
230341
35624
220697
178772
132524
13143
99495
80882
11276
23134
173149
26530
237183
259641
175863
200517
249457
169818
8332
215100
141744
32703
191887
92690
227702
102942
216668
156376
33031
250007
232424
156546
103460
234777
231359
64829
115603
243
48829
251950
93319
189064
179568
72247
83248
60564
159798
187865
43349
72955
97777
108620
231411
53172
197006
240559
41080
259558
50939
173669
184068
236195
88822
61118
134145
248402
170274
65643
105560
220790
36440
3568
228929
142355
152964
18809
91356
159862
45682
70747
215412
241833
243854
123619
82198
54089
227989
248991
71101
233437
29564
75342
123137
31998
83333
148132
35712
97947
138601
102446
38486
82543
97902
98190
222738
27239
97173
144635
247009
14211
83366
120538
149405
39352
117044
26661
26448
44892
3876
181066
83681
119325
40504
3554
112859
26964
160285
192937
1631
21570
34367
53252
136664
95568
99479
39263
92252
156715
176243
57287
27371
251782
32705
64214
99653
229336
57248
171060
2195
45434
146852
86833
68556
257178
212546
211014
127551
83689
87817
64530
227188
250394
75794
71632
33089
86630
221989
65176
193835
87282
122932
17580
206139
77241
132307
39942
100438
6188
256130
199358
235053
228119
142203
16643
141748
188438
205129
175351
258571
84861
41978
179110
152911
102159
12018
195158
49941
237268
1594
211313
114709
55522
195520
14025
239587
32066
40112
183892
153467
78368
135130
28508
256285
137936
225792
8462
230302
55513
27920
28416
239720
254517
153986
132266
178065
216000
139446
54131
254398
124639
173130
195980
82515
64129
186935
65922
129442
55366
46369
113975
111972
82862
148439
171548
14243
12208
137724
197556
4178
251747
54675
118973
22741
104056
126845
68611
3319
195029
70201
108810
254185
261270
55673
242776
88332
213575
42459
58955
54367
120176
253388
227895
103746
244938
156103
168151
4964
193099
256589
250179
240681
193641
30692
101463
199711
74950
197917
152391
80115
123264
187820
3714
259334
256312
190026
85381
105924
225641
94615
236332
22121
244675
244683
231958
11732
20303
46295
150659
81580
141563
73341
145562
83666
115148
64054
113629
36762
156730
125646
109709
90827
73545
166260
254917
134202
208888
65624
191529
227992
108491
260350
171643
134456
32634
178228
200879
34512
167229
69866
79761
238763
13220
115422
78307
206921
115372
242662
161003
9374
201305
209718
68597
49957
245831
125821
139632
2468
35354
195658
173398
168016
68723
257160
178274
14748
211338
200367
106136
14281
192462
100513
4187
152387
3466
155841
191089
66202
37241
163873
218211
217707
140033
154825
211282
111069
83674
200311
9816
169479
165278
19069
186346
31292
170828
85464
19981
185868
52118
81990
79522
219917
141616
251709
146300
65261
1992
120047
27314
227258
236096
108632
5251
99838
161873
186067
133291
165625
10004
195737
79218
28242
254626
17583
144451
23315
244871
125781
75560
29261
116969
255166
149046
10311
104137
98308
195386
29272
36826
226452
54720
47308
161796
77222
171883
13856
110829
94661
254245
13495
97351
48120
110045
73349
177250
120302
160777
29256
48534
41299
49801
174412
204827
89020
129023
8733
192275
70075
69933
59342
72747
170587
55740
253601
196339
165009
79193
196968
168089
20666
166101
63669
235725
63555
58186
79143
49024
65373
12849
69896
121069
139943
149462
195893
146656
194508
146572
208208
117219
91410
117953
40167
217225
220931
147755
97134
197443
232672
68841
135376
112136
175492
235516
158185
109386
184100
126501
99645
261682
44236
89846
1516
214584
60722
142469
60014
204449
25964
245633
184695
123628
92663
229898
91732
199216
134663
60867
260149
208704
168219
181212
140984
102966
165069
250815
178588
108479
40485
251926
171926
212855
31428
111902
32542
182527
245659
13404
26730
53069
106481
116254
151596
213164
125792
177556
86206
205116
209422
18260
154494
198179
127814
116965
221676
45352
207225
90218
65392
85902
232175
224308
67616
70344
257823
181371
37316
124549
154749
136224
47599
117606
149122
39609
115899
94094
66510
72876
73222
45189
127910
220825
61719
241692
148288
101466
261393
194756
233202
30151
46893
205978
87605
229237
32932
106860
182219
188642
60625
32485
27278
132907
115352
204140
3145
64893
113712
76425
161540
238436
108112
29334
169369
110017
133756
112228
58770
200858
2350
71068
130928
151320
219935
15802
5447
108776
87173
132255
176917
117353
454
22313
22853
83041
55038
78870
47819
147320
137101
38608
224195
16365
163684
212535
221918
31672
64485
188241
171814
108162
248378
174190
50396
1135
122160
82799
220746
138622
28774
3078
106394
146878
118980
230872
146035
252279
70816
13840
196104
155054
231355
112809
248368
20815
18307
116526
239327
109481
210330
216958
222163
138104
77730
205734
386
61478
256944
61233
162701
234907
152348
121914
28964
39072
137360
166112
242386
100741
131958
196959
62269
76089
197811
188790
66121
45196
77370
8525
83243
49770
94188
68242
239841
7836
144090
259500
257006
137959
114046
8180
259756
7733
170120
227231
85768
218182
164199
52213
253985
258574
14622
128759
65796
59259
180220
216570
238206
76044
216830
43008
61893
68653
200770
19876
140480
157032
202175
251501
232254
218782
258392
58522
149374
231769
145774
223583
242897
235184
83838
171865
159780
67151
172738
150158
93776
87270
135802
63488
76519
253345
183303
214471
61717
228576
184440
225747
79574
66881
67803
199488
207538
225813
243479
162967
125336
123155
23366
161278
60525
