204017
20499
229528
225066
67036
224817
141602
233458
259262
193369
112273
14008
93263
195141
59230
163073
31287
141812
95708
103544
152352
184087
233711
78031
164817
124761
98746
88017
208628
69333
66658
223603
42115
192510
70829
100512
142402
128077
87774
242457
34177
53208
56425
239704
182732
242199
186406
47119
75289
91358
214132
84784
100624
246663
21461
238348
169170
221766
182898
173765
15452
124518
248724
212797
106261
41597
177201
168899
157101
200958
261115
104297
139083
210064
250438
98295
254466
244796
181094
203421
191879
61330
18694
199785
246782
100007
195236
79772
187027
44797
47348
257821
226378
1025
23345
164184
251974
92169
238638
242285
2063
197332
63668
254587
113059
73365
71413
123983
118915
45003
246931
39193
32169
38380
174327
158627
96154
192031
109466
120756
167635
86962
71239
192040
133603
33238
255800
85653
166167
229968
187050
1574
158756
15461
169098
50428
62014
233202
25490
206820
139422
209493
196081
211831
207369
25912
220345
76319
116427
118129
204181
211011
102876
211500
71823
181766
70420
193416
150110
55719
183858
80115
101875
189352
185594
5955
166714
73859
37549
22287
257529
201072
91235
37073
66904
140730
21760
25395
153524
78713
149492
11822
51124
50024
184910
3406
78410
255845
228331
168192
109873
255549
99216
39520
224384
79883
93258
86500
210387
16660
45042
95335
88575
142985
34430
81258
52757
244967
253046
258614
122804
76277
233178
106569
95741
122410
124931
215564
19009
157946
190935
185930
246767
121065
78630
222441
201485
258480
106801
107999
226342
63539
172174
183130
245099
129381
104280
111767
253880
84929
87273
144507
156165
40293
67634
214264
250595
250833
95489
21326
118064
109012
194831
101255
58124
9544
19209
50275
72019
166285
245972
55362
155263
244077
52905
255746
48042
121973
93366
167307
147873
53740
7965
59278
160926
14959
147260
218868
97521
41501
120875
8931
79416
212622
251094
186874
243551
152496
14626
135878
119800
26485
67418
180533
48668
111387
48350
72305
115189
219759
215109
213106
54516
153286
223430
153836
258221
240605
138054
244750
225750
92076
110331
259862
143121
84455
29138
228052
209782
247387
197610
1772
49858
32901
66389
8698
163216
221654
145812
7037
171650
77847
229552
212949
222987
225422
24321
31133
2939
99673
175405
239501
65564
109323
728
67313
257323
152316
144328
169676
97355
215352
38877
156828
67171
30433
37801
218519
155528
60064
87750
1827
159062
3169
212085
76794
16755
205157
7564
183431
246385
196650
76069
167097
51192
47971
36865
219150
194504
138054
200034
257067
91624
127188
49705
60295
62313
20943
180442
128470
123476
153672
61914
20022
60138
253561
85065
45735
251782
17800
195639
56026
253406
13713
90349
15637
218834
44737
17075
34047
95122
167459
218106
63616
193995
191419
154003
198987
210519
215204
69614
198613
101976
49837
119269
601
245832
30208
176678
124355
53461
250973
51455
87796
87697
161669
52420
138912
193679
243200
122452
41679
159408
237149
120446
232496
137169
259661
236044
227097
53327
250531
118497
56520
135634
260562
185105
235783
19013
76403
50873
5991
261434
35812
78506
203347
92229
218209
32674
210375
103555
18674
51690
12812
131912
112868
105934
106179
37397
211796
173590
95568
75896
112529
245842
225195
121486
240638
78223
237985
37029
209841
113792
244600
75398
196129
221945
121892
24656
231205
131905
42543
12333
213135
209809
154714
176580
260123
121900
3410
141183
85758
76909
200471
52447
146306
241754
44663
26356
235586
249157
112695
144739
69907
247758
212907
216414
31666
126107
68001
75777
186914
187105
14112
71732
152941
76987
145293
56674
110567
54776
205007
126147
138932
217668
198851
81945
98507
209290
64150
228735
81727
236635
107359
127567
160337
246907
225199
140549
251648
244650
245869
151010
201121
150090
261626
104073
104124
31348
2598
236652
212330
245042
223724
158435
179493
12208
199023
30416
150841
196115
225838
84548
29391
678
58130
160803
231526
236288
29504
151076
86400
88169
175650
246274
30580
104784
223520
243160
171749
237663
190959
170346
213058
19313
54558
243950
146323
2075
118224
260914
62114
33468
225334
143199
105644
70798
119788
59698
181139
233067
96287
185784
117884
11717
135692
247771
39206
155992
206043
93344
70461
224646
93648
121493
106085
247354
55675
104143
191730
57747
186153
23603
199936
27084
141091
163361
255791
85733
10380
173857
121983
83189
23332
117717
63362
129989
162952
187317
16227
14591
50580
210937
251601
96888
235300
175610
181140
115347
188443
188384
24160
7918
81243
93401
241462
94960
180484
112262
242271
17870
54845
85161
18128
73305
203729
239899
113631
208617
258257
217663
106280
34709
58624
97463
72382
172941
190351
130678
81693
36764
198014
245873
100759
64808
179873
193617
50162
84816
19565
102466
196913
93418
30501
226768
217047
218352
140277
239774
200786
42414
108012
216039
192525
204487
255575
125211
256587
130034
194111
23467
180676
85428
50902
237912
166623
80897
46085
55078
33231
22137
77216
59970
260912
118560
259001
225150
43722
63066
8492
69049
76227
32065
181402
99614
59211
85986
158669
142905
14261
153820
87689
123880
63897
31305
70638
158120
89994
194796
36961
130613
252427
67100
8830
33692
124542
3651
237408
254229
123949
237513
88276
235503
243934
213601
239303
88028
213252
185530
22574
190663
204124
148191
211473
67424
90083
248044
107789
244254
38457
223624
239437
69512
110902
196205
83710
121437
122932
155177
113116
54038
155160
172959
139926
63438
238612
48415
24377
149273
37249
175893
57639
98129
8856
57228
101422
16260
205847
85095
35075
194098
89023
192008
251621
254749
138618
187145
136210
22012
124
79278
105300
256164
175923
116836
243
45650
215148
15623
44072
189920
98180
83568
187272
108432
237664
50797
34970
241836
130002
251233
137115
242816
59814
249019
46585
65325
198168
235724
222303
153553
181426
224728
21902
255924
85658
223120
239054
191857
19909
30559
112036
204302
102423
231483
214923
239963
225400
236920
210809
133286
1353
205653
239845
168386
235662
253455
128277
36743
21791
131409
51561
128706
111029
229335
114216
45577
239995
77670
231497
67761
166766
103661
228742
132298
165891
15639
191031
78903
219566
86122
4200
258948
64336
121522
2878
84899
51572
105663
7848
109323
12098
46110
248109
67876
149745
70781
168773
185775
60371
133322
35182
91241
226724
74768
187596
135050
166399
60351
165109
210538
172260
55143
122001
224523
235293
107348
217572
175855
115517
193501
184961
93071
201355
154686
62071
129715
64728
212563
89984
237234
252710
1341
140387
85647
173322
171809
253865
837
10814
254673
241472
189733
99452
17806
160556
111292
255246
205482
219421
187991
108400
26387
169852
113852
222443
73265
84787
65415
205479
62437
86427
245421
248900
239710
82845
4833
259653
97569
204839
54697
4698
178691
41818
52103
99303
23354
216243
251782
163714
117200
141358
203039
113479
39530
143375
175106
33093
213045
148242
62348
57980
86275
54926
130209
28274
173027
167484
199334
101562
260324
14049
182535
227679
242611
26302
33881
211571
56900
132787
127729
104075
59293
65703
139664
199155
71151
229625
62371
66688
60812
42081
234544
233173
65223
106267
188003
20682
144726
208007
244123
191557
93070
62198
22910
203081
193195
2509
203919
157885
209561
213038
156196
253701
93773
198891
159748
42290
90632
88016
121783
260627
158910
232194
255723
14358
238838
10216
157452
54447
136337
195157
83058
232761
199956
217602
167474
2670
184436
243690
9069
79999
244075
44671
92112
128814
143857
213039
182062
27524
46860
252841
37330
114070
15982
218368
85088
87762
228886
173098
107533
29657
29787
90270
168956
137095
154188
116152
16357
203489
129130
174310
19236
151672
20325
251579
78353
35523
173298
94037
122509
159368
98085
174203
75048
16878
138801
15226
150258
17210
197612
237231
105268
173543
168690
34004
246446
236004
175769
36558
124068
190042
75881
112837
44921
167372
126548
111630
17820
138020
212339
224084
139144
16402
120967
182392
221563
35242
249130
159359
76903
102476
4368
29691
231492
58759
129447
33215
125257
151223
182179
63943
56001
230670
185240
179124
117490
12031
209431
234429
22273
27662
124973
187936
172053
124004
68415
27870
261075
44037
69807
95897
66016
217569
146538
166264
116630
91863
255892
55047
119995
166288
171358
146477
249409
135183
136733
34534
227733
205774
9049
154566
65067
231134
218243
137053
8622
127642
249937
75590
26533
62228
147437
114706
132872
211406
133294
114140
144067
127553
162537
262108
138604
154676
52656
70166
86551
18094
39744
242971
174555
6940
42611
16317
146356
123009
195180
165072
45984
210659
31768
162495
217156
11013
226478
21961
113813
177035
38010
206320
70308
176833
27557
9793
176320
91658
82866
98128
246580
107672
223103
251818
94908
33733
234745
254844
196168
125472
46316
29755
80040
244494
237349
207193
23479
213428
86522
112899
5991
190777
76221
232766
215739
142828
236158
18481
86189
213441
226092
69328
43991
209869
14833
36614
60934
24693
30484
192994
31871
209927
48847
236447
104322
66288
114739
14629
26425
178571
160089
76993
204444
117088
217722
1184
61721
26852
126395
106189
150755
8473
143084
83173
179774
79372
53954
96386
217903
24965
169161
166377
109780
248173
214402
100118
45149
2965
167193
234176
166493
110604
117510
90116
142693
65148
184516
214159
61433
221362
47331
202239
121912
108452
84001
252026
58191
28703
42698
84671
234911
95140
83427
71110
161577
214737
165845
169988
241019
68333
3417
257457
236722
209454
239393
42002
165777
90406
84235
20243
240094
192833
22865
212710
36013
223163
227113
863
235358
182098
55220
23254
119327
13990
226987
44868
232037
253198
143233
12529
81422
75266
158996
59337
229914
124692
65265
118504
218613
124709
150486
28729
166464
129950
209360
48423
221914
65589
183269
53107
95826
44857
150110
7060
74816
210985
140440
169153
127240
160431
30581
222787
90110
4400
65100
51414
177193
115454
194930
194226
65638
53458
137442
33971
94667
217366
15163
34465
97317
186149
61466
239652
195753
104655
208590
100612
10764
257161
171809
73709
113680
12529
251114
111191
88671
3291
29969
73702
215228
161947
240248
242697
14043
184734
25954
75286
180176
75119
229093
144169
233977
220650
183180
59886
18191
107676
252214
171686
166818
97748
9591
75155
57297
27551
160250
255063
176784
248387
258407
60577
81265
251192
132549
159595
18738
50609
225898
212847
27516
246326
164104
41409
20579
105169
260375
108319
236713
193680
111151
259572
169379
149031
178598
185770
242042
200722
47963
149792
71146
189220
188810
46798
192684
124906
126195
9802
68690
173031
85436
149388
132633
136589
22318
172356
226375
57116
180555
229329
146443
243478
1738
224170
253850
175076
88042
144685
22487
208087
63648
228050
85740
138298
220150
195924
50045
215790
238869
230005
84233
84743
32694
203341
20946
157947
174510
177626
150560
137149
124517
175961
113787
100090
39767
41897
218790
42889
21738
13440
4830
144974
250623
68342
22488
49692
173888
49582
9878
238581
203661
191546
146141
234833
59404
164000
99128
90926
174999
120971
145289
96429
138223
91944
127327
9095
6568
31276
125742
92869
225017
62266
106897
119346
91575
213500
76705
73797
152974
136361
171111
125664
56578
228385
75823
49068
150406
200297
200489
148689
29743
261783
34790
180314
90319
50573
203919
171948
53492
240743
195218
192960
231043
67592
28594
107814
254485
179064
163315
236594
232400
163397
209113
14320
157007
216127
182649
243713
191092
162622
253983
201014
4558
159835
88555
51847
131977
121050
229563
10739
135423
41182
169605
257240
63394
72899
102645
192715
246162
27834
58502
136531
190980
30449
117640
21112
63590
108498
184994
32136
183174
4210
262138
46896
39710
89634
46141
30480
60424
248112
127299
63145
117957
72836
25189
90050
13818
125442
13434
39254
230498
181093
164653
134038
190271
56674
87556
162428
94714
26536
15645
132045
199053
146597
150829
141881
116761
211123
111359
118302
198087
178728
86344
131215
157214
207487
29235
246002
149892
185959
35084
206819
261914
74006
97862
180203
46322
66034
184692
218995
239959
147104
19616
145407
88454
120016
104385
95064
1357
212457
13539
135772
138836
206400
118912
80346
12828
120006
212436
182052
171647
88656
165496
7149
28947
205330
251923
125820
34143
239593
109206
15541
1009
25080
235556
90427
98977
117147
109476
44330
174876
21336
255402
80498
66481
8387
36571
60653
186813
44712
243935
244323
216253
182191
129508
125643
60414
34527
89646
258905
230472
140104
48142
196478
176994
121064
197353
159402
31307
160921
37417
239527
127028
108961
174417
178855
51744
148229
233557
236479
242554
184970
27804
49669
188472
89306
207036
94435
85327
139155
129110
143548
110323
166343
34524
120394
67921
160376
169567
126982
205677
208668
77440
231416
97060
132838
145322
256109
128505
219918
115458
60165
111134
168607
209077
127109
217855
142452
44889
122690
230383
47789
257830
47561
177599
137072
4696
60272
82825
159779
238557
197933
100513
96684
197426
133947
129860
60324
175087
253560
113821
168629
41526
114071
76939
154786
229693
9423
134517
175699
224544
98593
163080
192795
71068
248899
128238
107939
38705
31273
1177
80760
82357
221983
221975
123939
1796
242007
218054
189668
242020
98077
145810
183060
134582
83197
6246
192928
166410
99794
235456
10584
259641
16317
9806
146562
203151
208695
259295
49776
234005
238349
114649
176569
94556
164263
163226
131430
114065
75783
253056
68580
166012
5973
160535
8429
209973
184767
137478
12242
60998
26749
248112
97223
9304
154199
111995
34844
6251
92048
139341
149519
179254
171105
251765
86427
145292
249744
228327
183157
128807
217596
241566
182835
58551
167107
37731
161558
172874
239372
136719
172684
231516
217252
78868
3639
165724
71441
85328
81986
2717
247773
